DepressionID	MaximumArea	MaximumVolume	MaximumDepth	MinimumContributingArea	CurveNumber
29814	4806	940.68	0.41	25497	100
29869	3429	438.48	0.31	13869	100
29876	1017	93.96	0.2	7137	100
29880	17424	3650.94	0.6	88083	100
29897	208035	80695.8	0.81	726201	100
29924	4050	727.11	0.41	41454	100
29939	10458	2486.25	0.56	40554	100
29943	8856	886.14	0.37	50661	100
29946	7416	801.81	0.27	64242	100
29950	16857	5989.41	0.74	56214	100
29951	540	40.59	0.28	5382	100
29957	1422	149.49	0.22	19683	100
29964	6957	1999.53	0.64	22014	100
29967	13401	4023.63	0.46	54999	100
29968	927	79.74	0.24	21222	100
29970	2574	232.11	0.24	11736	100
29975	1719	153.27	0.19	13680	100
29976	2007	239.58	0.25	37701	100
29981	56637	12706.02	0.51	357894	100
29991	4986	1059.03	0.41	13752	100
30000	2466	265.05	0.23	44370	100
30002	2259	178.11	0.19	13869	100
30011	10008	3305.97	0.69	21447	100
30012	58932	25536.6	0.84	192879	100
30016	2583	322.92	0.27	13365	100
30018	24471	6279.21	0.46	120726	100
30019	13464	1797.57	0.31	94635	100
30024	19620	9446.31	1.11	111015	100
30025	2484	356.31	0.33	12366	100
30032	1773	244.8	0.3	8919	100
30048	3789	395.19	0.28	61839	100
30051	39870	8050.68	0.66	116541	100
30062	18117	1676.88	0.25	752634	100
30075	2790	314.91	0.26	29223	100
30076	31653	15871.14	0.91	98352	100
30082	3474	565.92	0.38	20178	100
30090	44109	14781.33	0.71	238446	100
30092	17289	3444.03	0.59	84105	100
30099	11736	538.11	0.26	122265	100
30100	5400	437.94	0.28	52119	100
30105	3357	196.92	0.2	16560	100
30106	6561	1217.43	0.46	37971	100
30109	4914	902.88	0.42	20718	100
30119	23481	1072.26	0.26	210906	100
30120	3807	447.12	0.3	26487	100
30121	2133	191.34	0.41	33282	100
30124	6048	1238.76	0.45	23976	100
30127	5994	1496.79	0.52	21636	100
30128	6201	386.01	0.2	36207	100
30129	7659	1988.1	0.52	24264	100
30131	8037	2786.13	0.76	26136	100
30133	792	61.2	0.25	10314	100
30136	2916	379.53	0.37	10872	100
30137	4239	788.58	0.51	22167	100
30138	2034	213.75	0.27	7164	100
30139	21501	7487.82	0.75	88776	100
30140	1719	249.48	0.34	9855	100
30143	6399	1721.07	0.57	18144	100
30145	2907	243.27	0.2	8577	100
30146	3411	675.81	0.43	14769	100
30154	3753	419.22	0.23	30600	100
30155	7920	1577.61	0.55	22923	100
30156	61047	29210.13	0.93	185463	100
30157	56475	20275.2	0.85	159111	100
30158	9162	1823.76	0.5	35703	100
30159	5571	979.02	0.44	17289	100
30160	3375	582.84	0.35	19161	100
30163	4995	480.24	0.21	48573	100
30169	34137	8026.56	0.7	138564	100
30171	8496	3176.46	0.75	26793	100
30174	3564	400.86	0.22	27972	100
30176	27864	6713.73	0.44	79101	100
30181	7974	1073.43	0.34	35145	100
30187	24885	6961.86	0.72	64557	100
30188	57177	27286.83	0.95	148680	100
30189	5913	1035.9	0.36	35424	100
30190	3771	520.47	0.33	95139	100
30196	32103	10127.61	0.69	72216	100
30197	1163745	581721.75	1.3	3021228	100
30199	91143	32669.73	0.64	336105	100
30201	37710	14028.93	0.87	129159	100
30203	11232	8751.24	1.49	65763	100
30204	801	54.54	0.2	8973	100
30209	2898	351.27	0.25	14517	100
30211	2511	411.39	0.42	6246	100
30212	18837	1629.9	0.47	84060	100
30217	2511	342.54	0.29	13347	100
30225	11637	1039.77	0.28	60210	100
30231	7713	446.67	0.25	153954	100
30232	2061	133.11	0.21	45999	100
30238	3987	388.44	0.24	19530	100
30241	1719	179.37	0.27	33327	100
30248	6075	572.31	0.34	33363	100
30254	1665	162.45	0.22	25074	100
30258	74862	15077.16	0.54	196263	100
30264	2889	454.32	0.39	23220	100
30265	2547	330.03	0.37	18099	100
30276	5130	584.55	0.46	49005	100
30277	16911	4557.96	0.63	47853	100
30279	1935	233.91	0.35	8397	100
30280	90477	54839.61	1.33	266211	100
30283	4014	501.03	0.27	26388	100
30287	31716	6339.78	0.5	111609	100
30288	3078	431.82	0.29	72018	100
30289	23292	5574.96	0.53	66267	100
30290	3033	456.84	0.43	13878	100
30294	4059	485.46	0.29	10548	100
30299	14382	2251.08	0.45	176409	100
30300	882	81.81	0.27	6507	100
30303	6930	822.42	0.32	37620	100
30310	1755	189.9	0.39	20034	100
30318	3411	395.46	0.3	8010	100
30323	71235	32866.83	0.93	175248	100
30330	46566	13183.83	0.72	129042	100
30337	5967	503.01	0.3	35604	100
30339	30159	7030.44	0.62	90810	100
30343	1476	205.11	0.34	13752	100
30344	2151	309.78	0.28	11412	100
30346	1359	190.35	0.33	5805	100
30352	4239	830.52	0.53	21996	100
30354	4248	119.88	0.19	157671	100
30358	37989	8607.87	0.53	218907	100
30365	1197	101.88	0.22	7110	100
30368	6435	1260	0.45	24345	100
30370	2160	214.2	0.27	14787	100
30372	630	52.92	0.42	10611	100
30376	8172	2246.67	0.59	23769	100
30378	3798	87.12	0.21	37710	100
30381	16362	4250.07	0.66	144117	100
30382	824625	658010.97	1.65	1550673	100
30385	5283	447.03	0.28	105984	100
30387	3222	371.52	0.28	108315	100
30388	42264	15281.46	1.1	148482	100
30390	17082	4586.94	0.53	119916	100
30391	9792	1589.49	0.44	95040	100
30392	2286	253.62	0.3	7587	100
30397	84753	32038.83	0.81	235701	100
30398	1863	243.81	0.24	13203	100
30399	2862	340.11	0.26	18027	100
30400	19206	3417.03	0.46	68670	100
30402	1917	120.24	0.24	45036	100
30403	1386	124.2	0.21	7047	100
30405	2385	290.07	0.26	10989	100
30407	5049	865.62	0.43	16020	100
30408	4005	747.72	0.45	22176	100
30411	1305	103.14	0.2	9297	100
30413	3339	538.47	0.43	19053	100
30420	77463	55175.58	1.37	236907	100
30423	36153	13950.72	0.85	182286	100
30431	3816	476.91	0.29	27972	100
30435	10008	1695.87	0.48	173970	100
30436	4635	447.48	0.26	30546	100
30443	1395	122.04	0.19	12006	100
30445	22545	9235.8	0.96	53343	100
30454	1998	189.72	0.24	33039	100
30457	82458	61411.5	1.8	152046	100
30466	3285	369.99	0.32	12771	100
30468	217548	111419.19	1.1	723771	100
30475	243990	114100.92	1.19	744822	100
30479	5589	1155.33	0.43	43713	100
30482	25515	8417.16	0.83	162648	100
30487	504	35.1	0.24	5211	100
30492	86751	14087.79	0.52	494928	100
30493	1017	103.05	0.67	56718	100
30497	25416	11032.74	0.91	113013	100
30499	6363	321.3	0.23	220464	100
30500	1575	162.9	0.29	10611	100
30501	4500	558.81	0.28	48348	100
30502	1467	159.48	0.26	4761	100
30508	1926	227.25	0.23	11799	100
30510	2592	272.79	0.26	40788	100
30511	4941	486.27	0.28	25263	100
30512	7146	1363.32	0.42	23211	100
30513	1710	160.02	0.22	10197	100
30517	15381	4630.14	0.6	63342	100
30519	594	37.17	0.19	5688	100
30522	2016	186.03	0.25	22563	100
30523	1260	91.08	0.31	12141	100
30524	738	28.8	0.23	10089	100
30525	981	96.3	0.26	29403	100
30526	891	180	0.64	3555	100
30527	10746	4301.91	0.88	40293	100
30530	1791	217.89	0.29	11484	100
30531	16308	3446.64	0.71	134352	100
30532	105444	46152.81	1.88	466326	100
30534	24642	7192.26	0.66	85887	100
30536	4320	304.11	0.32	17676	100
30544	4221	377.73	0.23	79137	100
30549	245781	186150.69	1.23	407808	100
30550	4050	381.33	0.23	11754	100
30552	1278	115.74	0.28	5184	100
30553	139410	136879.74	1.84	441639	100
30555	12213	2448.81	0.5	81243	100
30558	3006	416.07	0.38	10971	100
30563	5580	616.86	0.25	134307	100
30564	5256	540.72	0.32	25884	100
30566	4743	558.18	0.34	24102	100
30567	729	46.89	0.19	16722	100
30571	25569	12983.58	1.03	78327	100
30575	81990	29403.81	0.99	243675	100
30589	49131	36004.23	1.78	117234	100
116031	7614	1641.15	0.47	34785	100
116287	5535	515.79	0.24	19800	100
116599	3150	424.8	0.31	7974	100
116679	2070	241.47	0.23	10620	100
116721	1071	112.59	0.29	3159	100
116776	1926	190.26	0.21	14463	100
116903	2187	299.25	0.41	11925	100
116920	2529	350.37	0.36	13653	100
116933	6291	1327.59	0.51	42966	100
116992	1971	169.29	0.23	34803	100
117000	64593	18506.07	0.62	268965	100
117041	6435	628.74	0.28	59418	100
117064	115542	66289.05	1.21	259497	100
117109	36648	9480.51	0.71	173709	100
117124	1620	127.62	0.21	30888	100
117262	41760	16226.01	0.88	108378	100
117379	68751	28209.42	0.78	294966	100
118120	10548	2856.42	0.67	144414	100
166435	563292	193919.67	0.97	1432593	100
166437	10827	2473.2	0.46	49104	100
166908	707220	263214.18	1.02	1795113	100
166970	3915	467.1	0.32	17757	100
166971	2520	263.7	0.26	14364	100