DepressionID	Ac	Am	Nds	Ndsds	Nus	Nuscd	OutletID	Sdus	Shrn	Strn	USAc	USVm	Vm	p0.001	p0.01	p0.02	p0.03	p0.04	p0.05	p0.06	p0.07	p0.08	p0.09	p0.1	p0.11	p0.12	p0.13	p0.14	p0.15	p0.16	p0.17	p0.18	p0.19	p0.2	p0.21	p0.22	p0.23	p0.24	p0.25	p0.26	p0.27	p0.28	p0.29	p0.3	p0.31	p0.32	p0.33	p0.34	p0.35	p0.36	p0.37	p0.38	p0.39	p0.4	p0.41	p0.42	p0.43	p0.44	p0.45	p0.46	p0.47	p0.48	p0.49	p0.5	p0.51	p0.52	p0.53	p0.54	p0.55	p0.56	p0.57	p0.58	p0.59
30209	14517	2898	1	5	0	0	[117000]	0.0	1	1	0.0	0.0	351.27	0.0	0.0	0.0	0.0	0.0	0.0	0.0	0.0	0.0	0.0	0.0	0.0	0.0	0.0	0.0	0.0	0.0	0.0	0.0	0.0	0.0	0.0	0.0	0.0	0.0	0.0	0.0	0.0	0.0	0.0	0.0	0.0	0.0	0.0	0.0	0.0	0.0	0.0	0.0	0.0	0.0	0.0	0.0	0.0	0.0	0.0	0.0	0.0	0.0	0.0	0.0	0.0	0.0	0.0	0.0	0.0	0.0	0.0	0.0	0.0
30211	6246	2511	1	6	0	0	[117000]	0.0	1	1	0.0	0.0	411.39	0.0	0.0	0.0	0.0	0.0	0.0	0.0	0.0	0.0	0.0	0.0	0.0	0.0	0.0	0.0	0.0	0.0	0.0	0.0	0.0	0.0	0.0	0.0	0.0	0.0	0.0	0.0	0.0	0.0	0.0	0.0	0.0	0.0	0.0	0.0	0.0	0.0	0.0	0.0	0.0	0.0	0.0	0.0	0.0	0.0	0.0	0.0	0.0	0.0	0.0	0.0	0.0	0.0	0.0	0.0	0.0	0.0	0.0	0.0	0.0
30212	84060	18837	1	5	3	14	[117000]	0.72903603196	7	2	784908.0	57463.02	1629.9	0.0	95139.0	95139.0	95139.0	95139.0	95139.0	95139.0	301599.0	420912.0	420912.0	784908.0	784908.0	784908.0	784908.0	784908.0	784908.0	784908.0	784908.0	784908.0	784908.0	784908.0	784908.0	784908.0	784908.0	784908.0	784908.0	784908.0	784908.0	784908.0	784908.0	784908.0	784908.0	784908.0	784908.0	784908.0	784908.0	784908.0	784908.0	784908.0	784908.0	784908.0	784908.0	784908.0	784908.0	784908.0	784908.0	784908.0	784908.0	784908.0	784908.0	784908.0	784908.0	784908.0	784908.0	784908.0	784908.0	784908.0	784908.0	784908.0	784908.0
30217	13347	2511	1	12	0	0	[117000]	0.0	1	1	0.0	0.0	342.54	0.0	0.0	0.0	0.0	0.0	0.0	0.0	0.0	0.0	0.0	0.0	0.0	0.0	0.0	0.0	0.0	0.0	0.0	0.0	0.0	0.0	0.0	0.0	0.0	0.0	0.0	0.0	0.0	0.0	0.0	0.0	0.0	0.0	0.0	0.0	0.0	0.0	0.0	0.0	0.0	0.0	0.0	0.0	0.0	0.0	0.0	0.0	0.0	0.0	0.0	0.0	0.0	0.0	0.0	0.0	0.0	0.0	0.0	0.0	0.0
117041	59418	6435	1	2	1	1	[117000]	0.00486423584174	1	1	34803.0	169.29	628.74	0.0	34803.0	34803.0	34803.0	34803.0	34803.0	34803.0	34803.0	34803.0	34803.0	34803.0	34803.0	34803.0	34803.0	34803.0	34803.0	34803.0	34803.0	34803.0	34803.0	34803.0	34803.0	34803.0	34803.0	34803.0	34803.0	34803.0	34803.0	34803.0	34803.0	34803.0	34803.0	34803.0	34803.0	34803.0	34803.0	34803.0	34803.0	34803.0	34803.0	34803.0	34803.0	34803.0	34803.0	34803.0	34803.0	34803.0	34803.0	34803.0	34803.0	34803.0	34803.0	34803.0	34803.0	34803.0	34803.0	34803.0	34803.0	34803.0	34803.0
117262	108378	41760	1	3	1	1	[117000]	0.0956361750168	1	1	294966.0	28209.42	16226.01	0.0	0.0	0.0	0.0	0.0	0.0	0.0	0.0	0.0	0.0	294966.0	294966.0	294966.0	294966.0	294966.0	294966.0	294966.0	294966.0	294966.0	294966.0	294966.0	294966.0	294966.0	294966.0	294966.0	294966.0	294966.0	294966.0	294966.0	294966.0	294966.0	294966.0	294966.0	294966.0	294966.0	294966.0	294966.0	294966.0	294966.0	294966.0	294966.0	294966.0	294966.0	294966.0	294966.0	294966.0	294966.0	294966.0	294966.0	294966.0	294966.0	294966.0	294966.0	294966.0	294966.0	294966.0	294966.0	294966.0	294966.0	294966.0
30381	144117	16362	1	11	0	0	[117000]	0.0	1	1	0.0	0.0	4250.07	0.0	0.0	0.0	0.0	0.0	0.0	0.0	0.0	0.0	0.0	0.0	0.0	0.0	0.0	0.0	0.0	0.0	0.0	0.0	0.0	0.0	0.0	0.0	0.0	0.0	0.0	0.0	0.0	0.0	0.0	0.0	0.0	0.0	0.0	0.0	0.0	0.0	0.0	0.0	0.0	0.0	0.0	0.0	0.0	0.0	0.0	0.0	0.0	0.0	0.0	0.0	0.0	0.0	0.0	0.0	0.0	0.0	0.0	0.0	0.0
30225	60210	11637	1	5	2	3	[117000]	0.141348277496	2	2	145089.0	9063.72	1039.77	0.0	79326.0	79326.0	79326.0	79326.0	79326.0	79326.0	79326.0	79326.0	79326.0	79326.0	79326.0	79326.0	79326.0	145089.0	145089.0	145089.0	145089.0	145089.0	145089.0	145089.0	145089.0	145089.0	145089.0	145089.0	145089.0	145089.0	145089.0	145089.0	145089.0	145089.0	145089.0	145089.0	145089.0	145089.0	145089.0	145089.0	145089.0	145089.0	145089.0	145089.0	145089.0	145089.0	145089.0	145089.0	145089.0	145089.0	145089.0	145089.0	145089.0	145089.0	145089.0	145089.0	145089.0	145089.0	145089.0	145089.0	145089.0	145089.0	145089.0
30231	153954	7713	1	4	3	21	[117000]	0.944086523212	10	2	1127160.0	70157.16	446.67	0.0	139536.0	371628.0	371628.0	371628.0	371628.0	371628.0	578088.0	697401.0	697401.0	1061397.0	1061397.0	1061397.0	1061397.0	1127160.0	1127160.0	1127160.0	1127160.0	1127160.0	1127160.0	1127160.0	1127160.0	1127160.0	1127160.0	1127160.0	1127160.0	1127160.0	1127160.0	1127160.0	1127160.0	1127160.0	1127160.0	1127160.0	1127160.0	1127160.0	1127160.0	1127160.0	1127160.0	1127160.0	1127160.0	1127160.0	1127160.0	1127160.0	1127160.0	1127160.0	1127160.0	1127160.0	1127160.0	1127160.0	1127160.0	1127160.0	1127160.0	1127160.0	1127160.0	1127160.0	1127160.0	1127160.0	1127160.0	1127160.0	1127160.0
30232	45999	2061	1	6	1	1	[117000]	0.00538212260329	1	1	33327.0	179.37	133.11	0.0	33327.0	33327.0	33327.0	33327.0	33327.0	33327.0	33327.0	33327.0	33327.0	33327.0	33327.0	33327.0	33327.0	33327.0	33327.0	33327.0	33327.0	33327.0	33327.0	33327.0	33327.0	33327.0	33327.0	33327.0	33327.0	33327.0	33327.0	33327.0	33327.0	33327.0	33327.0	33327.0	33327.0	33327.0	33327.0	33327.0	33327.0	33327.0	33327.0	33327.0	33327.0	33327.0	33327.0	33327.0	33327.0	33327.0	33327.0	33327.0	33327.0	33327.0	33327.0	33327.0	33327.0	33327.0	33327.0	33327.0	33327.0	33327.0	33327.0
30238	19530	3987	1	5	1	1	[117000]	0.0171540329107	1	1	33363.0	572.31	388.44	0.0	0.0	33363.0	33363.0	33363.0	33363.0	33363.0	33363.0	33363.0	33363.0	33363.0	33363.0	33363.0	33363.0	33363.0	33363.0	33363.0	33363.0	33363.0	33363.0	33363.0	33363.0	33363.0	33363.0	33363.0	33363.0	33363.0	33363.0	33363.0	33363.0	33363.0	33363.0	33363.0	33363.0	33363.0	33363.0	33363.0	33363.0	33363.0	33363.0	33363.0	33363.0	33363.0	33363.0	33363.0	33363.0	33363.0	33363.0	33363.0	33363.0	33363.0	33363.0	33363.0	33363.0	33363.0	33363.0	33363.0	33363.0	33363.0	33363.0
30531	134352	16308	1	16	0	0	[117000]	0.0	1	1	0.0	0.0	3446.64	0.0	0.0	0.0	0.0	0.0	0.0	0.0	0.0	0.0	0.0	0.0	0.0	0.0	0.0	0.0	0.0	0.0	0.0	0.0	0.0	0.0	0.0	0.0	0.0	0.0	0.0	0.0	0.0	0.0	0.0	0.0	0.0	0.0	0.0	0.0	0.0	0.0	0.0	0.0	0.0	0.0	0.0	0.0	0.0	0.0	0.0	0.0	0.0	0.0	0.0	0.0	0.0	0.0	0.0	0.0	0.0	0.0	0.0	0.0	0.0
30241	33327	1719	1	7	0	0	[117000]	0.0	1	1	0.0	0.0	179.37	0.0	0.0	0.0	0.0	0.0	0.0	0.0	0.0	0.0	0.0	0.0	0.0	0.0	0.0	0.0	0.0	0.0	0.0	0.0	0.0	0.0	0.0	0.0	0.0	0.0	0.0	0.0	0.0	0.0	0.0	0.0	0.0	0.0	0.0	0.0	0.0	0.0	0.0	0.0	0.0	0.0	0.0	0.0	0.0	0.0	0.0	0.0	0.0	0.0	0.0	0.0	0.0	0.0	0.0	0.0	0.0	0.0	0.0	0.0	0.0
166435	1432593	563292	1	2	11	215	[117000]	11.6255470952	164	3	23358132.0	3103808.67	193919.67	157671.0	475335.0	592272.0	1421064.0	1675476.0	1813473.0	1829493.0	2035953.0	9307512.0	9442791.0	10350036.0	12350961.0	12432276.0	12675951.0	12741714.0	18539847.0	18561294.0	18561294.0	18561294.0	18561294.0	19575261.0	19575261.0	19575261.0	20122371.0	20122371.0	20122371.0	20122371.0	20122371.0	20122371.0	20122371.0	23088852.0	23206086.0	23206086.0	23206086.0	23206086.0	23206086.0	23206086.0	23206086.0	23206086.0	23206086.0	23206086.0	23358132.0	23358132.0	23358132.0	23358132.0	23358132.0	23358132.0	23358132.0	23358132.0	23358132.0	23358132.0	23358132.0	23358132.0	23358132.0	23358132.0	23358132.0	23358132.0	23358132.0	23358132.0	23358132.0
166437	49104	10827	1	4	0	0	[117000]	0.0	1	1	0.0	0.0	2473.2	0.0	0.0	0.0	0.0	0.0	0.0	0.0	0.0	0.0	0.0	0.0	0.0	0.0	0.0	0.0	0.0	0.0	0.0	0.0	0.0	0.0	0.0	0.0	0.0	0.0	0.0	0.0	0.0	0.0	0.0	0.0	0.0	0.0	0.0	0.0	0.0	0.0	0.0	0.0	0.0	0.0	0.0	0.0	0.0	0.0	0.0	0.0	0.0	0.0	0.0	0.0	0.0	0.0	0.0	0.0	0.0	0.0	0.0	0.0	0.0
30248	33363	6075	1	6	0	0	[117000]	0.0	1	1	0.0	0.0	572.31	0.0	0.0	0.0	0.0	0.0	0.0	0.0	0.0	0.0	0.0	0.0	0.0	0.0	0.0	0.0	0.0	0.0	0.0	0.0	0.0	0.0	0.0	0.0	0.0	0.0	0.0	0.0	0.0	0.0	0.0	0.0	0.0	0.0	0.0	0.0	0.0	0.0	0.0	0.0	0.0	0.0	0.0	0.0	0.0	0.0	0.0	0.0	0.0	0.0	0.0	0.0	0.0	0.0	0.0	0.0	0.0	0.0	0.0	0.0	0.0
30254	25074	1665	1	4	0	0	[117000]	0.0	1	1	0.0	0.0	162.45	0.0	0.0	0.0	0.0	0.0	0.0	0.0	0.0	0.0	0.0	0.0	0.0	0.0	0.0	0.0	0.0	0.0	0.0	0.0	0.0	0.0	0.0	0.0	0.0	0.0	0.0	0.0	0.0	0.0	0.0	0.0	0.0	0.0	0.0	0.0	0.0	0.0	0.0	0.0	0.0	0.0	0.0	0.0	0.0	0.0	0.0	0.0	0.0	0.0	0.0	0.0	0.0	0.0	0.0	0.0	0.0	0.0	0.0	0.0	0.0
30536	17676	4320	1	15	1	1	[117000]	0.0256538049303	1	1	134352.0	3446.64	304.11	0.0	0.0	0.0	134352.0	134352.0	134352.0	134352.0	134352.0	134352.0	134352.0	134352.0	134352.0	134352.0	134352.0	134352.0	134352.0	134352.0	134352.0	134352.0	134352.0	134352.0	134352.0	134352.0	134352.0	134352.0	134352.0	134352.0	134352.0	134352.0	134352.0	134352.0	134352.0	134352.0	134352.0	134352.0	134352.0	134352.0	134352.0	134352.0	134352.0	134352.0	134352.0	134352.0	134352.0	134352.0	134352.0	134352.0	134352.0	134352.0	134352.0	134352.0	134352.0	134352.0	134352.0	134352.0	134352.0	134352.0	134352.0	134352.0	134352.0
30258	196263	74862	1	3	4	81	[117000]	4.96818497317	40	3	8021628.0	1364184.0	15077.16	0.0	318564.0	568755.0	568755.0	568755.0	568755.0	568755.0	775215.0	1838169.0	1838169.0	2727270.0	4512348.0	4593663.0	4837338.0	4903101.0	4903101.0	4903101.0	4903101.0	4903101.0	4903101.0	4903101.0	4903101.0	4903101.0	4903101.0	4903101.0	4903101.0	4903101.0	4903101.0	4903101.0	4903101.0	7869582.0	7869582.0	7869582.0	7869582.0	7869582.0	7869582.0	7869582.0	7869582.0	7869582.0	7869582.0	7869582.0	8021628.0	8021628.0	8021628.0	8021628.0	8021628.0	8021628.0	8021628.0	8021628.0	8021628.0	8021628.0	8021628.0	8021628.0	8021628.0	8021628.0	8021628.0	8021628.0	8021628.0	8021628.0	8021628.0
117064	259497	115542	1	4	3	3	[117000]	0.0749539795538	3	2	40095.0	1000.89	66289.05	0.0	0.0	0.0	40095.0	40095.0	40095.0	40095.0	40095.0	40095.0	40095.0	40095.0	40095.0	40095.0	40095.0	40095.0	40095.0	40095.0	40095.0	40095.0	40095.0	40095.0	40095.0	40095.0	40095.0	40095.0	40095.0	40095.0	40095.0	40095.0	40095.0	40095.0	40095.0	40095.0	40095.0	40095.0	40095.0	40095.0	40095.0	40095.0	40095.0	40095.0	40095.0	40095.0	40095.0	40095.0	40095.0	40095.0	40095.0	40095.0	40095.0	40095.0	40095.0	40095.0	40095.0	40095.0	40095.0	40095.0	40095.0	40095.0	40095.0
30264	23220	2889	1	12	0	0	[117000]	0.0	1	1	0.0	0.0	454.32	0.0	0.0	0.0	0.0	0.0	0.0	0.0	0.0	0.0	0.0	0.0	0.0	0.0	0.0	0.0	0.0	0.0	0.0	0.0	0.0	0.0	0.0	0.0	0.0	0.0	0.0	0.0	0.0	0.0	0.0	0.0	0.0	0.0	0.0	0.0	0.0	0.0	0.0	0.0	0.0	0.0	0.0	0.0	0.0	0.0	0.0	0.0	0.0	0.0	0.0	0.0	0.0	0.0	0.0	0.0	0.0	0.0	0.0	0.0	0.0
30265	18099	2547	1	4	0	0	[117000]	0.0	1	1	0.0	0.0	330.03	0.0	0.0	0.0	0.0	0.0	0.0	0.0	0.0	0.0	0.0	0.0	0.0	0.0	0.0	0.0	0.0	0.0	0.0	0.0	0.0	0.0	0.0	0.0	0.0	0.0	0.0	0.0	0.0	0.0	0.0	0.0	0.0	0.0	0.0	0.0	0.0	0.0	0.0	0.0	0.0	0.0	0.0	0.0	0.0	0.0	0.0	0.0	0.0	0.0	0.0	0.0	0.0	0.0	0.0	0.0	0.0	0.0	0.0	0.0	0.0
166970	17757	3915	1	3	1	4	[117000]	0.330406065705	3	2	299592.0	67289.94	467.1	0.0	0.0	0.0	0.0	0.0	0.0	0.0	0.0	0.0	0.0	0.0	0.0	0.0	0.0	0.0	0.0	0.0	0.0	0.0	0.0	0.0	0.0	0.0	299592.0	299592.0	299592.0	299592.0	299592.0	299592.0	299592.0	299592.0	299592.0	299592.0	299592.0	299592.0	299592.0	299592.0	299592.0	299592.0	299592.0	299592.0	299592.0	299592.0	299592.0	299592.0	299592.0	299592.0	299592.0	299592.0	299592.0	299592.0	299592.0	299592.0	299592.0	299592.0	299592.0	299592.0	299592.0	299592.0	299592.0
166971	14364	2520	1	4	0	0	[117000]	0.0	1	1	0.0	0.0	263.7	0.0	0.0	0.0	0.0	0.0	0.0	0.0	0.0	0.0	0.0	0.0	0.0	0.0	0.0	0.0	0.0	0.0	0.0	0.0	0.0	0.0	0.0	0.0	0.0	0.0	0.0	0.0	0.0	0.0	0.0	0.0	0.0	0.0	0.0	0.0	0.0	0.0	0.0	0.0	0.0	0.0	0.0	0.0	0.0	0.0	0.0	0.0	0.0	0.0	0.0	0.0	0.0	0.0	0.0	0.0	0.0	0.0	0.0	0.0	0.0
116287	19800	5535	1	4	0	0	[117000]	0.0	1	1	0.0	0.0	515.79	0.0	0.0	0.0	0.0	0.0	0.0	0.0	0.0	0.0	0.0	0.0	0.0	0.0	0.0	0.0	0.0	0.0	0.0	0.0	0.0	0.0	0.0	0.0	0.0	0.0	0.0	0.0	0.0	0.0	0.0	0.0	0.0	0.0	0.0	0.0	0.0	0.0	0.0	0.0	0.0	0.0	0.0	0.0	0.0	0.0	0.0	0.0	0.0	0.0	0.0	0.0	0.0	0.0	0.0	0.0	0.0	0.0	0.0	0.0	0.0
30276	49005	5130	1	11	1	1	[117000]	0.0195658914729	1	1	23220.0	454.32	584.55	0.0	0.0	23220.0	23220.0	23220.0	23220.0	23220.0	23220.0	23220.0	23220.0	23220.0	23220.0	23220.0	23220.0	23220.0	23220.0	23220.0	23220.0	23220.0	23220.0	23220.0	23220.0	23220.0	23220.0	23220.0	23220.0	23220.0	23220.0	23220.0	23220.0	23220.0	23220.0	23220.0	23220.0	23220.0	23220.0	23220.0	23220.0	23220.0	23220.0	23220.0	23220.0	23220.0	23220.0	23220.0	23220.0	23220.0	23220.0	23220.0	23220.0	23220.0	23220.0	23220.0	23220.0	23220.0	23220.0	23220.0	23220.0	23220.0	23220.0
30277	47853	16911	1	10	0	0	[117000]	0.0	1	1	0.0	0.0	4557.96	0.0	0.0	0.0	0.0	0.0	0.0	0.0	0.0	0.0	0.0	0.0	0.0	0.0	0.0	0.0	0.0	0.0	0.0	0.0	0.0	0.0	0.0	0.0	0.0	0.0	0.0	0.0	0.0	0.0	0.0	0.0	0.0	0.0	0.0	0.0	0.0	0.0	0.0	0.0	0.0	0.0	0.0	0.0	0.0	0.0	0.0	0.0	0.0	0.0	0.0	0.0	0.0	0.0	0.0	0.0	0.0	0.0	0.0	0.0	0.0
30279	8397	1935	1	3	0	0	[117000]	0.0	1	1	0.0	0.0	233.91	0.0	0.0	0.0	0.0	0.0	0.0	0.0	0.0	0.0	0.0	0.0	0.0	0.0	0.0	0.0	0.0	0.0	0.0	0.0	0.0	0.0	0.0	0.0	0.0	0.0	0.0	0.0	0.0	0.0	0.0	0.0	0.0	0.0	0.0	0.0	0.0	0.0	0.0	0.0	0.0	0.0	0.0	0.0	0.0	0.0	0.0	0.0	0.0	0.0	0.0	0.0	0.0	0.0	0.0	0.0	0.0	0.0	0.0	0.0	0.0
30280	266211	90477	1	11	1	1	[117000]	0.0256641942009	1	1	13347.0	342.54	54839.61	0.0	0.0	0.0	13347.0	13347.0	13347.0	13347.0	13347.0	13347.0	13347.0	13347.0	13347.0	13347.0	13347.0	13347.0	13347.0	13347.0	13347.0	13347.0	13347.0	13347.0	13347.0	13347.0	13347.0	13347.0	13347.0	13347.0	13347.0	13347.0	13347.0	13347.0	13347.0	13347.0	13347.0	13347.0	13347.0	13347.0	13347.0	13347.0	13347.0	13347.0	13347.0	13347.0	13347.0	13347.0	13347.0	13347.0	13347.0	13347.0	13347.0	13347.0	13347.0	13347.0	13347.0	13347.0	13347.0	13347.0	13347.0	13347.0	13347.0
30283	26388	4014	1	4	0	0	[117000]	0.0	1	1	0.0	0.0	501.03	0.0	0.0	0.0	0.0	0.0	0.0	0.0	0.0	0.0	0.0	0.0	0.0	0.0	0.0	0.0	0.0	0.0	0.0	0.0	0.0	0.0	0.0	0.0	0.0	0.0	0.0	0.0	0.0	0.0	0.0	0.0	0.0	0.0	0.0	0.0	0.0	0.0	0.0	0.0	0.0	0.0	0.0	0.0	0.0	0.0	0.0	0.0	0.0	0.0	0.0	0.0	0.0	0.0	0.0	0.0	0.0	0.0	0.0	0.0	0.0
30287	111609	31716	1	3	2	57	[117000]	3.93134188469	29	3	6657462.0	1288013.76	6339.78	0.0	0.0	26388.0	26388.0	26388.0	26388.0	26388.0	26388.0	903762.0	903762.0	1428867.0	3213945.0	3295260.0	3538935.0	3538935.0	3538935.0	3538935.0	3538935.0	3538935.0	3538935.0	3538935.0	3538935.0	3538935.0	3538935.0	3538935.0	3538935.0	3538935.0	3538935.0	3538935.0	3538935.0	6505416.0	6505416.0	6505416.0	6505416.0	6505416.0	6505416.0	6505416.0	6505416.0	6505416.0	6505416.0	6505416.0	6657462.0	6657462.0	6657462.0	6657462.0	6657462.0	6657462.0	6657462.0	6657462.0	6657462.0	6657462.0	6657462.0	6657462.0	6657462.0	6657462.0	6657462.0	6657462.0	6657462.0	6657462.0	6657462.0
30288	72018	3078	1	11	0	0	[117000]	0.0	1	1	0.0	0.0	431.82	0.0	0.0	0.0	0.0	0.0	0.0	0.0	0.0	0.0	0.0	0.0	0.0	0.0	0.0	0.0	0.0	0.0	0.0	0.0	0.0	0.0	0.0	0.0	0.0	0.0	0.0	0.0	0.0	0.0	0.0	0.0	0.0	0.0	0.0	0.0	0.0	0.0	0.0	0.0	0.0	0.0	0.0	0.0	0.0	0.0	0.0	0.0	0.0	0.0	0.0	0.0	0.0	0.0	0.0	0.0	0.0	0.0	0.0	0.0	0.0
30289	66267	23292	1	4	1	56	[117000]	3.91235484513	28	3	6631074.0	1287512.73	5574.96	0.0	0.0	0.0	0.0	0.0	0.0	0.0	0.0	877374.0	877374.0	1402479.0	3187557.0	3268872.0	3512547.0	3512547.0	3512547.0	3512547.0	3512547.0	3512547.0	3512547.0	3512547.0	3512547.0	3512547.0	3512547.0	3512547.0	3512547.0	3512547.0	3512547.0	3512547.0	3512547.0	6479028.0	6479028.0	6479028.0	6479028.0	6479028.0	6479028.0	6479028.0	6479028.0	6479028.0	6479028.0	6479028.0	6631074.0	6631074.0	6631074.0	6631074.0	6631074.0	6631074.0	6631074.0	6631074.0	6631074.0	6631074.0	6631074.0	6631074.0	6631074.0	6631074.0	6631074.0	6631074.0	6631074.0	6631074.0	6631074.0
30290	13878	3033	1	9	1	1	[117000]	0.0952492006771	1	1	47853.0	4557.96	456.84	0.0	0.0	0.0	0.0	0.0	0.0	0.0	0.0	0.0	0.0	47853.0	47853.0	47853.0	47853.0	47853.0	47853.0	47853.0	47853.0	47853.0	47853.0	47853.0	47853.0	47853.0	47853.0	47853.0	47853.0	47853.0	47853.0	47853.0	47853.0	47853.0	47853.0	47853.0	47853.0	47853.0	47853.0	47853.0	47853.0	47853.0	47853.0	47853.0	47853.0	47853.0	47853.0	47853.0	47853.0	47853.0	47853.0	47853.0	47853.0	47853.0	47853.0	47853.0	47853.0	47853.0	47853.0	47853.0	47853.0	47853.0	47853.0
30563	134307	5580	1	14	2	3	[117000]	0.496034538767	2	2	219663.0	49545.99	616.86	0.0	0.0	0.0	24102.0	24102.0	24102.0	24102.0	24102.0	24102.0	24102.0	24102.0	24102.0	24102.0	24102.0	24102.0	24102.0	24102.0	102429.0	102429.0	102429.0	102429.0	102429.0	102429.0	102429.0	102429.0	102429.0	102429.0	102429.0	102429.0	102429.0	102429.0	219663.0	219663.0	219663.0	219663.0	219663.0	219663.0	219663.0	219663.0	219663.0	219663.0	219663.0	219663.0	219663.0	219663.0	219663.0	219663.0	219663.0	219663.0	219663.0	219663.0	219663.0	219663.0	219663.0	219663.0	219663.0	219663.0	219663.0	219663.0	219663.0
30294	10548	4059	1	11	0	0	[117000]	0.0	1	1	0.0	0.0	485.46	0.0	0.0	0.0	0.0	0.0	0.0	0.0	0.0	0.0	0.0	0.0	0.0	0.0	0.0	0.0	0.0	0.0	0.0	0.0	0.0	0.0	0.0	0.0	0.0	0.0	0.0	0.0	0.0	0.0	0.0	0.0	0.0	0.0	0.0	0.0	0.0	0.0	0.0	0.0	0.0	0.0	0.0	0.0	0.0	0.0	0.0	0.0	0.0	0.0	0.0	0.0	0.0	0.0	0.0	0.0	0.0	0.0	0.0	0.0	0.0
30299	176409	14382	1	8	1	2	[117000]	0.128167488615	1	1	61731.0	5014.8	2251.08	0.0	0.0	0.0	0.0	13878.0	13878.0	13878.0	13878.0	13878.0	13878.0	61731.0	61731.0	61731.0	61731.0	61731.0	61731.0	61731.0	61731.0	61731.0	61731.0	61731.0	61731.0	61731.0	61731.0	61731.0	61731.0	61731.0	61731.0	61731.0	61731.0	61731.0	61731.0	61731.0	61731.0	61731.0	61731.0	61731.0	61731.0	61731.0	61731.0	61731.0	61731.0	61731.0	61731.0	61731.0	61731.0	61731.0	61731.0	61731.0	61731.0	61731.0	61731.0	61731.0	61731.0	61731.0	61731.0	61731.0	61731.0	61731.0	61731.0
30300	6507	882	1	7	0	0	[117000]	0.0	1	1	0.0	0.0	81.81	0.0	0.0	0.0	0.0	0.0	0.0	0.0	0.0	0.0	0.0	0.0	0.0	0.0	0.0	0.0	0.0	0.0	0.0	0.0	0.0	0.0	0.0	0.0	0.0	0.0	0.0	0.0	0.0	0.0	0.0	0.0	0.0	0.0	0.0	0.0	0.0	0.0	0.0	0.0	0.0	0.0	0.0	0.0	0.0	0.0	0.0	0.0	0.0	0.0	0.0	0.0	0.0	0.0	0.0	0.0	0.0	0.0	0.0	0.0	0.0
30303	37620	6930	1	3	0	0	[117000]	0.0	1	1	0.0	0.0	822.42	0.0	0.0	0.0	0.0	0.0	0.0	0.0	0.0	0.0	0.0	0.0	0.0	0.0	0.0	0.0	0.0	0.0	0.0	0.0	0.0	0.0	0.0	0.0	0.0	0.0	0.0	0.0	0.0	0.0	0.0	0.0	0.0	0.0	0.0	0.0	0.0	0.0	0.0	0.0	0.0	0.0	0.0	0.0	0.0	0.0	0.0	0.0	0.0	0.0	0.0	0.0	0.0	0.0	0.0	0.0	0.0	0.0	0.0	0.0	0.0
30310	20034	1755	1	12	0	0	[117000]	0.0	1	1	0.0	0.0	189.9	0.0	0.0	0.0	0.0	0.0	0.0	0.0	0.0	0.0	0.0	0.0	0.0	0.0	0.0	0.0	0.0	0.0	0.0	0.0	0.0	0.0	0.0	0.0	0.0	0.0	0.0	0.0	0.0	0.0	0.0	0.0	0.0	0.0	0.0	0.0	0.0	0.0	0.0	0.0	0.0	0.0	0.0	0.0	0.0	0.0	0.0	0.0	0.0	0.0	0.0	0.0	0.0	0.0	0.0	0.0	0.0	0.0	0.0	0.0	0.0
30482	162648	25515	1	12	1	13	[117000]	0.87988927327	7	2	1418094.0	226510.29	8417.16	0.0	0.0	0.0	0.0	0.0	0.0	0.0	0.0	0.0	710055.0	710055.0	710055.0	710055.0	953730.0	953730.0	953730.0	953730.0	953730.0	953730.0	953730.0	953730.0	953730.0	953730.0	953730.0	953730.0	953730.0	953730.0	953730.0	953730.0	953730.0	1418094.0	1418094.0	1418094.0	1418094.0	1418094.0	1418094.0	1418094.0	1418094.0	1418094.0	1418094.0	1418094.0	1418094.0	1418094.0	1418094.0	1418094.0	1418094.0	1418094.0	1418094.0	1418094.0	1418094.0	1418094.0	1418094.0	1418094.0	1418094.0	1418094.0	1418094.0	1418094.0	1418094.0	1418094.0	1418094.0
30318	8010	3411	1	11	1	1	[117000]	0.00947888589398	1	1	20034.0	189.9	395.46	0.0	20034.0	20034.0	20034.0	20034.0	20034.0	20034.0	20034.0	20034.0	20034.0	20034.0	20034.0	20034.0	20034.0	20034.0	20034.0	20034.0	20034.0	20034.0	20034.0	20034.0	20034.0	20034.0	20034.0	20034.0	20034.0	20034.0	20034.0	20034.0	20034.0	20034.0	20034.0	20034.0	20034.0	20034.0	20034.0	20034.0	20034.0	20034.0	20034.0	20034.0	20034.0	20034.0	20034.0	20034.0	20034.0	20034.0	20034.0	20034.0	20034.0	20034.0	20034.0	20034.0	20034.0	20034.0	20034.0	20034.0	20034.0	20034.0	20034.0
30323	175248	71235	2	6	2	55	[117000]	3.72481016559	28	3	6455826.0	1254645.9	32866.83	0.0	0.0	6507.0	6507.0	6507.0	599904.0	599904.0	599904.0	702126.0	702126.0	1227231.0	3012309.0	3093624.0	3337299.0	3337299.0	3337299.0	3337299.0	3337299.0	3337299.0	3337299.0	3337299.0	3337299.0	3337299.0	3337299.0	3337299.0	3337299.0	3337299.0	3337299.0	3337299.0	3337299.0	6303780.0	6303780.0	6303780.0	6303780.0	6303780.0	6303780.0	6303780.0	6303780.0	6303780.0	6303780.0	6303780.0	6455826.0	6455826.0	6455826.0	6455826.0	6455826.0	6455826.0	6455826.0	6455826.0	6455826.0	6455826.0	6455826.0	6455826.0	6455826.0	6455826.0	6455826.0	6455826.0	6455826.0	6455826.0	6455826.0
29814	25497	4806	1	8	0	0	[117000]	0.0	1	1	0.0	0.0	940.68	0.0	0.0	0.0	0.0	0.0	0.0	0.0	0.0	0.0	0.0	0.0	0.0	0.0	0.0	0.0	0.0	0.0	0.0	0.0	0.0	0.0	0.0	0.0	0.0	0.0	0.0	0.0	0.0	0.0	0.0	0.0	0.0	0.0	0.0	0.0	0.0	0.0	0.0	0.0	0.0	0.0	0.0	0.0	0.0	0.0	0.0	0.0	0.0	0.0	0.0	0.0	0.0	0.0	0.0	0.0	0.0	0.0	0.0	0.0	0.0
30330	129042	46566	1	7	2	53	[117000]	3.61007058259	27	3	6320277.0	1241380.26	13183.83	0.0	0.0	212013.0	212013.0	464355.0	464355.0	464355.0	464355.0	566577.0	566577.0	1091682.0	2876760.0	2958075.0	3201750.0	3201750.0	3201750.0	3201750.0	3201750.0	3201750.0	3201750.0	3201750.0	3201750.0	3201750.0	3201750.0	3201750.0	3201750.0	3201750.0	3201750.0	3201750.0	3201750.0	6168231.0	6168231.0	6168231.0	6168231.0	6168231.0	6168231.0	6168231.0	6168231.0	6168231.0	6168231.0	6168231.0	6320277.0	6320277.0	6320277.0	6320277.0	6320277.0	6320277.0	6320277.0	6320277.0	6320277.0	6320277.0	6320277.0	6320277.0	6320277.0	6320277.0	6320277.0	6320277.0	6320277.0	6320277.0	6320277.0
30337	35604	5967	1	8	2	49	[117000]	3.45501461356	26	3	6046533.0	1233611.37	503.01	0.0	0.0	0.0	0.0	238464.0	238464.0	238464.0	238464.0	340686.0	340686.0	817938.0	2603016.0	2684331.0	2928006.0	2928006.0	2928006.0	2928006.0	2928006.0	2928006.0	2928006.0	2928006.0	2928006.0	2928006.0	2928006.0	2928006.0	2928006.0	2928006.0	2928006.0	2928006.0	2928006.0	5894487.0	5894487.0	5894487.0	5894487.0	5894487.0	5894487.0	5894487.0	5894487.0	5894487.0	5894487.0	5894487.0	6046533.0	6046533.0	6046533.0	6046533.0	6046533.0	6046533.0	6046533.0	6046533.0	6046533.0	6046533.0	6046533.0	6046533.0	6046533.0	6046533.0	6046533.0	6046533.0	6046533.0	6046533.0	6046533.0
30339	90810	30159	1	9	2	17	[117000]	1.16425247265	11	2	2513529.0	740624.76	7030.44	0.0	0.0	0.0	11412.0	11412.0	11412.0	11412.0	11412.0	11412.0	11412.0	11412.0	11412.0	11412.0	11412.0	11412.0	11412.0	11412.0	11412.0	11412.0	11412.0	11412.0	11412.0	11412.0	11412.0	11412.0	11412.0	11412.0	11412.0	11412.0	11412.0	2513529.0	2513529.0	2513529.0	2513529.0	2513529.0	2513529.0	2513529.0	2513529.0	2513529.0	2513529.0	2513529.0	2513529.0	2513529.0	2513529.0	2513529.0	2513529.0	2513529.0	2513529.0	2513529.0	2513529.0	2513529.0	2513529.0	2513529.0	2513529.0	2513529.0	2513529.0	2513529.0	2513529.0	2513529.0	2513529.0
30343	13752	1476	1	10	0	0	[117000]	0.0	1	1	0.0	0.0	205.11	0.0	0.0	0.0	0.0	0.0	0.0	0.0	0.0	0.0	0.0	0.0	0.0	0.0	0.0	0.0	0.0	0.0	0.0	0.0	0.0	0.0	0.0	0.0	0.0	0.0	0.0	0.0	0.0	0.0	0.0	0.0	0.0	0.0	0.0	0.0	0.0	0.0	0.0	0.0	0.0	0.0	0.0	0.0	0.0	0.0	0.0	0.0	0.0	0.0	0.0	0.0	0.0	0.0	0.0	0.0	0.0	0.0	0.0	0.0	0.0
30344	11412	2151	1	10	0	0	[117000]	0.0	1	1	0.0	0.0	309.78	0.0	0.0	0.0	0.0	0.0	0.0	0.0	0.0	0.0	0.0	0.0	0.0	0.0	0.0	0.0	0.0	0.0	0.0	0.0	0.0	0.0	0.0	0.0	0.0	0.0	0.0	0.0	0.0	0.0	0.0	0.0	0.0	0.0	0.0	0.0	0.0	0.0	0.0	0.0	0.0	0.0	0.0	0.0	0.0	0.0	0.0	0.0	0.0	0.0	0.0	0.0	0.0	0.0	0.0	0.0	0.0	0.0	0.0	0.0	0.0
30346	5805	1359	1	10	0	0	[117000]	0.0	1	1	0.0	0.0	190.35	0.0	0.0	0.0	0.0	0.0	0.0	0.0	0.0	0.0	0.0	0.0	0.0	0.0	0.0	0.0	0.0	0.0	0.0	0.0	0.0	0.0	0.0	0.0	0.0	0.0	0.0	0.0	0.0	0.0	0.0	0.0	0.0	0.0	0.0	0.0	0.0	0.0	0.0	0.0	0.0	0.0	0.0	0.0	0.0	0.0	0.0	0.0	0.0	0.0	0.0	0.0	0.0	0.0	0.0	0.0	0.0	0.0	0.0	0.0	0.0
30487	5211	504	1	14	0	0	[117000]	0.0	1	1	0.0	0.0	35.1	0.0	0.0	0.0	0.0	0.0	0.0	0.0	0.0	0.0	0.0	0.0	0.0	0.0	0.0	0.0	0.0	0.0	0.0	0.0	0.0	0.0	0.0	0.0	0.0	0.0	0.0	0.0	0.0	0.0	0.0	0.0	0.0	0.0	0.0	0.0	0.0	0.0	0.0	0.0	0.0	0.0	0.0	0.0	0.0	0.0	0.0	0.0	0.0	0.0	0.0	0.0	0.0	0.0	0.0	0.0	0.0	0.0	0.0	0.0	0.0
30352	21996	4239	1	11	0	0	[117000]	0.0	1	1	0.0	0.0	830.52	0.0	0.0	0.0	0.0	0.0	0.0	0.0	0.0	0.0	0.0	0.0	0.0	0.0	0.0	0.0	0.0	0.0	0.0	0.0	0.0	0.0	0.0	0.0	0.0	0.0	0.0	0.0	0.0	0.0	0.0	0.0	0.0	0.0	0.0	0.0	0.0	0.0	0.0	0.0	0.0	0.0	0.0	0.0	0.0	0.0	0.0	0.0	0.0	0.0	0.0	0.0	0.0	0.0	0.0	0.0	0.0	0.0	0.0	0.0	0.0
30354	157671	4248	1	3	0	0	[117000]	0.0	1	1	0.0	0.0	119.88	0.0	0.0	0.0	0.0	0.0	0.0	0.0	0.0	0.0	0.0	0.0	0.0	0.0	0.0	0.0	0.0	0.0	0.0	0.0	0.0	0.0	0.0	0.0	0.0	0.0	0.0	0.0	0.0	0.0	0.0	0.0	0.0	0.0	0.0	0.0	0.0	0.0	0.0	0.0	0.0	0.0	0.0	0.0	0.0	0.0	0.0	0.0	0.0	0.0	0.0	0.0	0.0	0.0	0.0	0.0	0.0	0.0	0.0	0.0	0.0
30358	218907	37989	1	9	3	30	[117000]	2.17402087308	15	2	3223287.0	477348.3	8607.87	0.0	0.0	13752.0	13752.0	19557.0	19557.0	19557.0	19557.0	19557.0	19557.0	496809.0	2281887.0	2363202.0	2606877.0	2606877.0	2606877.0	2606877.0	2606877.0	2606877.0	2606877.0	2606877.0	2606877.0	2606877.0	2606877.0	2606877.0	2606877.0	2606877.0	2606877.0	2606877.0	2606877.0	3071241.0	3071241.0	3071241.0	3071241.0	3071241.0	3071241.0	3071241.0	3071241.0	3071241.0	3071241.0	3071241.0	3223287.0	3223287.0	3223287.0	3223287.0	3223287.0	3223287.0	3223287.0	3223287.0	3223287.0	3223287.0	3223287.0	3223287.0	3223287.0	3223287.0	3223287.0	3223287.0	3223287.0	3223287.0	3223287.0
30365	7110	1197	1	4	0	0	[117000]	0.0	1	1	0.0	0.0	101.88	0.0	0.0	0.0	0.0	0.0	0.0	0.0	0.0	0.0	0.0	0.0	0.0	0.0	0.0	0.0	0.0	0.0	0.0	0.0	0.0	0.0	0.0	0.0	0.0	0.0	0.0	0.0	0.0	0.0	0.0	0.0	0.0	0.0	0.0	0.0	0.0	0.0	0.0	0.0	0.0	0.0	0.0	0.0	0.0	0.0	0.0	0.0	0.0	0.0	0.0	0.0	0.0	0.0	0.0	0.0	0.0	0.0	0.0	0.0	0.0
116933	42966	6291	1	1	0	0	[117000]	0.0	1	1	0.0	0.0	1327.59	0.0	0.0	0.0	0.0	0.0	0.0	0.0	0.0	0.0	0.0	0.0	0.0	0.0	0.0	0.0	0.0	0.0	0.0	0.0	0.0	0.0	0.0	0.0	0.0	0.0	0.0	0.0	0.0	0.0	0.0	0.0	0.0	0.0	0.0	0.0	0.0	0.0	0.0	0.0	0.0	0.0	0.0	0.0	0.0	0.0	0.0	0.0	0.0	0.0	0.0	0.0	0.0	0.0	0.0	0.0	0.0	0.0	0.0	0.0	0.0
30368	24345	6435	1	11	0	0	[117000]	0.0	1	1	0.0	0.0	1260.0	0.0	0.0	0.0	0.0	0.0	0.0	0.0	0.0	0.0	0.0	0.0	0.0	0.0	0.0	0.0	0.0	0.0	0.0	0.0	0.0	0.0	0.0	0.0	0.0	0.0	0.0	0.0	0.0	0.0	0.0	0.0	0.0	0.0	0.0	0.0	0.0	0.0	0.0	0.0	0.0	0.0	0.0	0.0	0.0	0.0	0.0	0.0	0.0	0.0	0.0	0.0	0.0	0.0	0.0	0.0	0.0	0.0	0.0	0.0	0.0
30370	14787	2160	1	3	1	1	[117000]	0.0143291139241	1	1	7110.0	101.88	214.2	0.0	0.0	7110.0	7110.0	7110.0	7110.0	7110.0	7110.0	7110.0	7110.0	7110.0	7110.0	7110.0	7110.0	7110.0	7110.0	7110.0	7110.0	7110.0	7110.0	7110.0	7110.0	7110.0	7110.0	7110.0	7110.0	7110.0	7110.0	7110.0	7110.0	7110.0	7110.0	7110.0	7110.0	7110.0	7110.0	7110.0	7110.0	7110.0	7110.0	7110.0	7110.0	7110.0	7110.0	7110.0	7110.0	7110.0	7110.0	7110.0	7110.0	7110.0	7110.0	7110.0	7110.0	7110.0	7110.0	7110.0	7110.0	7110.0	7110.0
30372	10611	630	1	5	0	0	[117000]	0.0	1	1	0.0	0.0	52.92	0.0	0.0	0.0	0.0	0.0	0.0	0.0	0.0	0.0	0.0	0.0	0.0	0.0	0.0	0.0	0.0	0.0	0.0	0.0	0.0	0.0	0.0	0.0	0.0	0.0	0.0	0.0	0.0	0.0	0.0	0.0	0.0	0.0	0.0	0.0	0.0	0.0	0.0	0.0	0.0	0.0	0.0	0.0	0.0	0.0	0.0	0.0	0.0	0.0	0.0	0.0	0.0	0.0	0.0	0.0	0.0	0.0	0.0	0.0	0.0
116920	13653	2529	1	5	0	0	[117000]	0.0	1	1	0.0	0.0	350.37	0.0	0.0	0.0	0.0	0.0	0.0	0.0	0.0	0.0	0.0	0.0	0.0	0.0	0.0	0.0	0.0	0.0	0.0	0.0	0.0	0.0	0.0	0.0	0.0	0.0	0.0	0.0	0.0	0.0	0.0	0.0	0.0	0.0	0.0	0.0	0.0	0.0	0.0	0.0	0.0	0.0	0.0	0.0	0.0	0.0	0.0	0.0	0.0	0.0	0.0	0.0	0.0	0.0	0.0	0.0	0.0	0.0	0.0	0.0	0.0
116903	11925	2187	1	5	0	0	[117000]	0.0	1	1	0.0	0.0	299.25	0.0	0.0	0.0	0.0	0.0	0.0	0.0	0.0	0.0	0.0	0.0	0.0	0.0	0.0	0.0	0.0	0.0	0.0	0.0	0.0	0.0	0.0	0.0	0.0	0.0	0.0	0.0	0.0	0.0	0.0	0.0	0.0	0.0	0.0	0.0	0.0	0.0	0.0	0.0	0.0	0.0	0.0	0.0	0.0	0.0	0.0	0.0	0.0	0.0	0.0	0.0	0.0	0.0	0.0	0.0	0.0	0.0	0.0	0.0	0.0
30376	23769	8172	1	11	0	0	[117000]	0.0	1	1	0.0	0.0	2246.67	0.0	0.0	0.0	0.0	0.0	0.0	0.0	0.0	0.0	0.0	0.0	0.0	0.0	0.0	0.0	0.0	0.0	0.0	0.0	0.0	0.0	0.0	0.0	0.0	0.0	0.0	0.0	0.0	0.0	0.0	0.0	0.0	0.0	0.0	0.0	0.0	0.0	0.0	0.0	0.0	0.0	0.0	0.0	0.0	0.0	0.0	0.0	0.0	0.0	0.0	0.0	0.0	0.0	0.0	0.0	0.0	0.0	0.0	0.0	0.0
30523	12141	1260	1	7	1	1	[117000]	0.0028545941124	1	1	10089.0	28.8	91.08	0.0	10089.0	10089.0	10089.0	10089.0	10089.0	10089.0	10089.0	10089.0	10089.0	10089.0	10089.0	10089.0	10089.0	10089.0	10089.0	10089.0	10089.0	10089.0	10089.0	10089.0	10089.0	10089.0	10089.0	10089.0	10089.0	10089.0	10089.0	10089.0	10089.0	10089.0	10089.0	10089.0	10089.0	10089.0	10089.0	10089.0	10089.0	10089.0	10089.0	10089.0	10089.0	10089.0	10089.0	10089.0	10089.0	10089.0	10089.0	10089.0	10089.0	10089.0	10089.0	10089.0	10089.0	10089.0	10089.0	10089.0	10089.0	10089.0	10089.0
30378	37710	3798	1	3	3	39	[117000]	1.9117863623	19	2	3825990.0	421595.82	87.12	0.0	279954.0	374994.0	374994.0	496287.0	496287.0	512307.0	512307.0	2451114.0	2451114.0	2451114.0	2451114.0	2451114.0	2451114.0	2451114.0	2451114.0	2451114.0	2451114.0	2451114.0	2451114.0	3708756.0	3708756.0	3708756.0	3708756.0	3708756.0	3708756.0	3708756.0	3708756.0	3708756.0	3708756.0	3708756.0	3825990.0	3825990.0	3825990.0	3825990.0	3825990.0	3825990.0	3825990.0	3825990.0	3825990.0	3825990.0	3825990.0	3825990.0	3825990.0	3825990.0	3825990.0	3825990.0	3825990.0	3825990.0	3825990.0	3825990.0	3825990.0	3825990.0	3825990.0	3825990.0	3825990.0	3825990.0	3825990.0	3825990.0	3825990.0
29869	13869	3429	1	8	0	0	[117000]	0.0	1	1	0.0	0.0	438.48	0.0	0.0	0.0	0.0	0.0	0.0	0.0	0.0	0.0	0.0	0.0	0.0	0.0	0.0	0.0	0.0	0.0	0.0	0.0	0.0	0.0	0.0	0.0	0.0	0.0	0.0	0.0	0.0	0.0	0.0	0.0	0.0	0.0	0.0	0.0	0.0	0.0	0.0	0.0	0.0	0.0	0.0	0.0	0.0	0.0	0.0	0.0	0.0	0.0	0.0	0.0	0.0	0.0	0.0	0.0	0.0	0.0	0.0	0.0	0.0
30382	1550673	824625	1	10	10	15	[117000]	0.712768401031	10	2	951444.0	82304.01	658010.97	0.0	72018.0	144243.0	316404.0	338400.0	348948.0	648117.0	648117.0	648117.0	648117.0	671886.0	671886.0	671886.0	671886.0	671886.0	671886.0	671886.0	671886.0	671886.0	671886.0	951444.0	951444.0	951444.0	951444.0	951444.0	951444.0	951444.0	951444.0	951444.0	951444.0	951444.0	951444.0	951444.0	951444.0	951444.0	951444.0	951444.0	951444.0	951444.0	951444.0	951444.0	951444.0	951444.0	951444.0	951444.0	951444.0	951444.0	951444.0	951444.0	951444.0	951444.0	951444.0	951444.0	951444.0	951444.0	951444.0	951444.0	951444.0	951444.0	951444.0
30493	56718	1017	1	8	2	19	[117000]	1.41316411302	8	2	1518480.0	279357.93	103.05	0.0	0.0	114705.0	114705.0	114705.0	143604.0	143604.0	143604.0	143604.0	143604.0	143604.0	143604.0	143604.0	143604.0	143604.0	143604.0	143604.0	143604.0	143604.0	143604.0	1401246.0	1401246.0	1401246.0	1401246.0	1401246.0	1401246.0	1401246.0	1401246.0	1401246.0	1401246.0	1401246.0	1518480.0	1518480.0	1518480.0	1518480.0	1518480.0	1518480.0	1518480.0	1518480.0	1518480.0	1518480.0	1518480.0	1518480.0	1518480.0	1518480.0	1518480.0	1518480.0	1518480.0	1518480.0	1518480.0	1518480.0	1518480.0	1518480.0	1518480.0	1518480.0	1518480.0	1518480.0	1518480.0	1518480.0	1518480.0
30385	105984	5283	1	4	3	3	[117000]	0.0972100003785	3	2	197577.0	2815.11	447.03	0.0	173970.0	173970.0	173970.0	181557.0	181557.0	197577.0	197577.0	197577.0	197577.0	197577.0	197577.0	197577.0	197577.0	197577.0	197577.0	197577.0	197577.0	197577.0	197577.0	197577.0	197577.0	197577.0	197577.0	197577.0	197577.0	197577.0	197577.0	197577.0	197577.0	197577.0	197577.0	197577.0	197577.0	197577.0	197577.0	197577.0	197577.0	197577.0	197577.0	197577.0	197577.0	197577.0	197577.0	197577.0	197577.0	197577.0	197577.0	197577.0	197577.0	197577.0	197577.0	197577.0	197577.0	197577.0	197577.0	197577.0	197577.0	197577.0	197577.0
30387	108315	3222	1	12	1	1	[117000]	0.0188666999501	1	1	18027.0	340.11	371.52	0.0	0.0	18027.0	18027.0	18027.0	18027.0	18027.0	18027.0	18027.0	18027.0	18027.0	18027.0	18027.0	18027.0	18027.0	18027.0	18027.0	18027.0	18027.0	18027.0	18027.0	18027.0	18027.0	18027.0	18027.0	18027.0	18027.0	18027.0	18027.0	18027.0	18027.0	18027.0	18027.0	18027.0	18027.0	18027.0	18027.0	18027.0	18027.0	18027.0	18027.0	18027.0	18027.0	18027.0	18027.0	18027.0	18027.0	18027.0	18027.0	18027.0	18027.0	18027.0	18027.0	18027.0	18027.0	18027.0	18027.0	18027.0	18027.0	18027.0
29876	7137	1017	1	7	0	0	[117000]	0.0	1	1	0.0	0.0	93.96	0.0	0.0	0.0	0.0	0.0	0.0	0.0	0.0	0.0	0.0	0.0	0.0	0.0	0.0	0.0	0.0	0.0	0.0	0.0	0.0	0.0	0.0	0.0	0.0	0.0	0.0	0.0	0.0	0.0	0.0	0.0	0.0	0.0	0.0	0.0	0.0	0.0	0.0	0.0	0.0	0.0	0.0	0.0	0.0	0.0	0.0	0.0	0.0	0.0	0.0	0.0	0.0	0.0	0.0	0.0	0.0	0.0	0.0	0.0	0.0
30390	119916	17082	1	3	2	3	[117000]	0.256353280492	2	2	260721.0	55472.31	4586.94	0.0	0.0	13203.0	13203.0	13203.0	13203.0	13203.0	13203.0	13203.0	13203.0	13203.0	13203.0	13203.0	13203.0	13203.0	13203.0	13203.0	13203.0	13203.0	13203.0	13203.0	13203.0	13203.0	260721.0	260721.0	260721.0	260721.0	260721.0	260721.0	260721.0	260721.0	260721.0	260721.0	260721.0	260721.0	260721.0	260721.0	260721.0	260721.0	260721.0	260721.0	260721.0	260721.0	260721.0	260721.0	260721.0	260721.0	260721.0	260721.0	260721.0	260721.0	260721.0	260721.0	260721.0	260721.0	260721.0	260721.0	260721.0	260721.0	260721.0
30391	95040	9792	2	4	2	33	[117000]	1.77463224041	15	2	3321270.0	413460.54	1589.49	0.0	0.0	0.0	0.0	7587.0	7587.0	7587.0	7587.0	1946394.0	1946394.0	1946394.0	1946394.0	1946394.0	1946394.0	1946394.0	1946394.0	1946394.0	1946394.0	1946394.0	1946394.0	3204036.0	3204036.0	3204036.0	3204036.0	3204036.0	3204036.0	3204036.0	3204036.0	3204036.0	3204036.0	3204036.0	3321270.0	3321270.0	3321270.0	3321270.0	3321270.0	3321270.0	3321270.0	3321270.0	3321270.0	3321270.0	3321270.0	3321270.0	3321270.0	3321270.0	3321270.0	3321270.0	3321270.0	3321270.0	3321270.0	3321270.0	3321270.0	3321270.0	3321270.0	3321270.0	3321270.0	3321270.0	3321270.0	3321270.0	3321270.0
29880	88083	17424	1	8	0	0	[117000]	0.0	1	1	0.0	0.0	3650.94	0.0	0.0	0.0	0.0	0.0	0.0	0.0	0.0	0.0	0.0	0.0	0.0	0.0	0.0	0.0	0.0	0.0	0.0	0.0	0.0	0.0	0.0	0.0	0.0	0.0	0.0	0.0	0.0	0.0	0.0	0.0	0.0	0.0	0.0	0.0	0.0	0.0	0.0	0.0	0.0	0.0	0.0	0.0	0.0	0.0	0.0	0.0	0.0	0.0	0.0	0.0	0.0	0.0	0.0	0.0	0.0	0.0	0.0	0.0	0.0
30397	235701	84753	1	10	3	27	[117000]	1.99038528334	13	2	2968029.0	444914.01	32038.83	0.0	0.0	0.0	59265.0	59265.0	59265.0	59265.0	59265.0	241551.0	241551.0	241551.0	2026629.0	2107944.0	2351619.0	2351619.0	2351619.0	2351619.0	2351619.0	2351619.0	2351619.0	2351619.0	2351619.0	2351619.0	2351619.0	2351619.0	2351619.0	2351619.0	2351619.0	2351619.0	2351619.0	2815983.0	2815983.0	2815983.0	2815983.0	2815983.0	2815983.0	2815983.0	2815983.0	2815983.0	2815983.0	2815983.0	2968029.0	2968029.0	2968029.0	2968029.0	2968029.0	2968029.0	2968029.0	2968029.0	2968029.0	2968029.0	2968029.0	2968029.0	2968029.0	2968029.0	2968029.0	2968029.0	2968029.0	2968029.0	2968029.0
30398	13203	1863	1	4	0	0	[117000]	0.0	1	1	0.0	0.0	243.81	0.0	0.0	0.0	0.0	0.0	0.0	0.0	0.0	0.0	0.0	0.0	0.0	0.0	0.0	0.0	0.0	0.0	0.0	0.0	0.0	0.0	0.0	0.0	0.0	0.0	0.0	0.0	0.0	0.0	0.0	0.0	0.0	0.0	0.0	0.0	0.0	0.0	0.0	0.0	0.0	0.0	0.0	0.0	0.0	0.0	0.0	0.0	0.0	0.0	0.0	0.0	0.0	0.0	0.0	0.0	0.0	0.0	0.0	0.0	0.0
30399	18027	2862	1	13	0	0	[117000]	0.0	1	1	0.0	0.0	340.11	0.0	0.0	0.0	0.0	0.0	0.0	0.0	0.0	0.0	0.0	0.0	0.0	0.0	0.0	0.0	0.0	0.0	0.0	0.0	0.0	0.0	0.0	0.0	0.0	0.0	0.0	0.0	0.0	0.0	0.0	0.0	0.0	0.0	0.0	0.0	0.0	0.0	0.0	0.0	0.0	0.0	0.0	0.0	0.0	0.0	0.0	0.0	0.0	0.0	0.0	0.0	0.0	0.0	0.0	0.0	0.0	0.0	0.0	0.0	0.0
30400	68670	19206	1	4	1	1	[117000]	0.00266986410871	1	1	45036.0	120.24	3417.03	0.0	45036.0	45036.0	45036.0	45036.0	45036.0	45036.0	45036.0	45036.0	45036.0	45036.0	45036.0	45036.0	45036.0	45036.0	45036.0	45036.0	45036.0	45036.0	45036.0	45036.0	45036.0	45036.0	45036.0	45036.0	45036.0	45036.0	45036.0	45036.0	45036.0	45036.0	45036.0	45036.0	45036.0	45036.0	45036.0	45036.0	45036.0	45036.0	45036.0	45036.0	45036.0	45036.0	45036.0	45036.0	45036.0	45036.0	45036.0	45036.0	45036.0	45036.0	45036.0	45036.0	45036.0	45036.0	45036.0	45036.0	45036.0	45036.0	45036.0
30402	45036	1917	1	5	0	0	[117000]	0.0	1	1	0.0	0.0	120.24	0.0	0.0	0.0	0.0	0.0	0.0	0.0	0.0	0.0	0.0	0.0	0.0	0.0	0.0	0.0	0.0	0.0	0.0	0.0	0.0	0.0	0.0	0.0	0.0	0.0	0.0	0.0	0.0	0.0	0.0	0.0	0.0	0.0	0.0	0.0	0.0	0.0	0.0	0.0	0.0	0.0	0.0	0.0	0.0	0.0	0.0	0.0	0.0	0.0	0.0	0.0	0.0	0.0	0.0	0.0	0.0	0.0	0.0	0.0	0.0
30403	7047	1386	1	14	0	0	[117000]	0.0	1	1	0.0	0.0	124.2	0.0	0.0	0.0	0.0	0.0	0.0	0.0	0.0	0.0	0.0	0.0	0.0	0.0	0.0	0.0	0.0	0.0	0.0	0.0	0.0	0.0	0.0	0.0	0.0	0.0	0.0	0.0	0.0	0.0	0.0	0.0	0.0	0.0	0.0	0.0	0.0	0.0	0.0	0.0	0.0	0.0	0.0	0.0	0.0	0.0	0.0	0.0	0.0	0.0	0.0	0.0	0.0	0.0	0.0	0.0	0.0	0.0	0.0	0.0	0.0
30405	10989	2385	1	11	1	3	[117000]	0.0796037446126	1	1	48276.0	1410.39	290.07	0.0	0.0	0.0	48276.0	48276.0	48276.0	48276.0	48276.0	48276.0	48276.0	48276.0	48276.0	48276.0	48276.0	48276.0	48276.0	48276.0	48276.0	48276.0	48276.0	48276.0	48276.0	48276.0	48276.0	48276.0	48276.0	48276.0	48276.0	48276.0	48276.0	48276.0	48276.0	48276.0	48276.0	48276.0	48276.0	48276.0	48276.0	48276.0	48276.0	48276.0	48276.0	48276.0	48276.0	48276.0	48276.0	48276.0	48276.0	48276.0	48276.0	48276.0	48276.0	48276.0	48276.0	48276.0	48276.0	48276.0	48276.0	48276.0	48276.0
30407	16020	5049	1	5	0	0	[117000]	0.0	1	1	0.0	0.0	865.62	0.0	0.0	0.0	0.0	0.0	0.0	0.0	0.0	0.0	0.0	0.0	0.0	0.0	0.0	0.0	0.0	0.0	0.0	0.0	0.0	0.0	0.0	0.0	0.0	0.0	0.0	0.0	0.0	0.0	0.0	0.0	0.0	0.0	0.0	0.0	0.0	0.0	0.0	0.0	0.0	0.0	0.0	0.0	0.0	0.0	0.0	0.0	0.0	0.0	0.0	0.0	0.0	0.0	0.0	0.0	0.0	0.0	0.0	0.0	0.0
30408	22176	4005	1	12	1	2	[117000]	0.0458862121451	1	1	26100.0	662.67	747.72	0.0	0.0	0.0	26100.0	26100.0	26100.0	26100.0	26100.0	26100.0	26100.0	26100.0	26100.0	26100.0	26100.0	26100.0	26100.0	26100.0	26100.0	26100.0	26100.0	26100.0	26100.0	26100.0	26100.0	26100.0	26100.0	26100.0	26100.0	26100.0	26100.0	26100.0	26100.0	26100.0	26100.0	26100.0	26100.0	26100.0	26100.0	26100.0	26100.0	26100.0	26100.0	26100.0	26100.0	26100.0	26100.0	26100.0	26100.0	26100.0	26100.0	26100.0	26100.0	26100.0	26100.0	26100.0	26100.0	26100.0	26100.0	26100.0	26100.0
29897	726201	208035	1	7	3	3	[117000]	0.109958446814	3	2	127449.0	5030.1	80695.8	0.0	0.0	0.0	0.0	39366.0	127449.0	127449.0	127449.0	127449.0	127449.0	127449.0	127449.0	127449.0	127449.0	127449.0	127449.0	127449.0	127449.0	127449.0	127449.0	127449.0	127449.0	127449.0	127449.0	127449.0	127449.0	127449.0	127449.0	127449.0	127449.0	127449.0	127449.0	127449.0	127449.0	127449.0	127449.0	127449.0	127449.0	127449.0	127449.0	127449.0	127449.0	127449.0	127449.0	127449.0	127449.0	127449.0	127449.0	127449.0	127449.0	127449.0	127449.0	127449.0	127449.0	127449.0	127449.0	127449.0	127449.0	127449.0	127449.0
30411	9297	1305	1	6	0	0	[117000]	0.0	1	1	0.0	0.0	103.14	0.0	0.0	0.0	0.0	0.0	0.0	0.0	0.0	0.0	0.0	0.0	0.0	0.0	0.0	0.0	0.0	0.0	0.0	0.0	0.0	0.0	0.0	0.0	0.0	0.0	0.0	0.0	0.0	0.0	0.0	0.0	0.0	0.0	0.0	0.0	0.0	0.0	0.0	0.0	0.0	0.0	0.0	0.0	0.0	0.0	0.0	0.0	0.0	0.0	0.0	0.0	0.0	0.0	0.0	0.0	0.0	0.0	0.0	0.0	0.0
30413	19053	3339	1	13	1	1	[117000]	0.0176245210728	1	1	7047.0	124.2	538.47	0.0	0.0	7047.0	7047.0	7047.0	7047.0	7047.0	7047.0	7047.0	7047.0	7047.0	7047.0	7047.0	7047.0	7047.0	7047.0	7047.0	7047.0	7047.0	7047.0	7047.0	7047.0	7047.0	7047.0	7047.0	7047.0	7047.0	7047.0	7047.0	7047.0	7047.0	7047.0	7047.0	7047.0	7047.0	7047.0	7047.0	7047.0	7047.0	7047.0	7047.0	7047.0	7047.0	7047.0	7047.0	7047.0	7047.0	7047.0	7047.0	7047.0	7047.0	7047.0	7047.0	7047.0	7047.0	7047.0	7047.0	7047.0	7047.0	7047.0
30388	148482	42264	1	11	1	2	[117000]	0.0222966957955	1	1	126342.0	711.63	15281.46	0.0	108315.0	126342.0	126342.0	126342.0	126342.0	126342.0	126342.0	126342.0	126342.0	126342.0	126342.0	126342.0	126342.0	126342.0	126342.0	126342.0	126342.0	126342.0	126342.0	126342.0	126342.0	126342.0	126342.0	126342.0	126342.0	126342.0	126342.0	126342.0	126342.0	126342.0	126342.0	126342.0	126342.0	126342.0	126342.0	126342.0	126342.0	126342.0	126342.0	126342.0	126342.0	126342.0	126342.0	126342.0	126342.0	126342.0	126342.0	126342.0	126342.0	126342.0	126342.0	126342.0	126342.0	126342.0	126342.0	126342.0	126342.0	126342.0	126342.0
30420	236907	77463	1	4	1	1	[117000]	0.00498727735369	1	1	10611.0	52.92	55175.58	0.0	10611.0	10611.0	10611.0	10611.0	10611.0	10611.0	10611.0	10611.0	10611.0	10611.0	10611.0	10611.0	10611.0	10611.0	10611.0	10611.0	10611.0	10611.0	10611.0	10611.0	10611.0	10611.0	10611.0	10611.0	10611.0	10611.0	10611.0	10611.0	10611.0	10611.0	10611.0	10611.0	10611.0	10611.0	10611.0	10611.0	10611.0	10611.0	10611.0	10611.0	10611.0	10611.0	10611.0	10611.0	10611.0	10611.0	10611.0	10611.0	10611.0	10611.0	10611.0	10611.0	10611.0	10611.0	10611.0	10611.0	10611.0	10611.0	10611.0
30423	182286	36153	1	11	1	1	[117000]	0.403900793181	1	1	152046.0	61411.5	13950.72	0.0	0.0	0.0	0.0	0.0	0.0	0.0	0.0	0.0	0.0	0.0	0.0	0.0	0.0	0.0	0.0	0.0	0.0	0.0	0.0	0.0	0.0	0.0	0.0	0.0	0.0	0.0	0.0	0.0	0.0	0.0	0.0	0.0	0.0	0.0	0.0	0.0	0.0	0.0	0.0	0.0	152046.0	152046.0	152046.0	152046.0	152046.0	152046.0	152046.0	152046.0	152046.0	152046.0	152046.0	152046.0	152046.0	152046.0	152046.0	152046.0	152046.0	152046.0	152046.0
30431	27972	3816	1	14	0	0	[117000]	0.0	1	1	0.0	0.0	476.91	0.0	0.0	0.0	0.0	0.0	0.0	0.0	0.0	0.0	0.0	0.0	0.0	0.0	0.0	0.0	0.0	0.0	0.0	0.0	0.0	0.0	0.0	0.0	0.0	0.0	0.0	0.0	0.0	0.0	0.0	0.0	0.0	0.0	0.0	0.0	0.0	0.0	0.0	0.0	0.0	0.0	0.0	0.0	0.0	0.0	0.0	0.0	0.0	0.0	0.0	0.0	0.0	0.0	0.0	0.0	0.0	0.0	0.0	0.0	0.0
30435	173970	10008	1	5	0	0	[117000]	0.0	1	1	0.0	0.0	1695.87	0.0	0.0	0.0	0.0	0.0	0.0	0.0	0.0	0.0	0.0	0.0	0.0	0.0	0.0	0.0	0.0	0.0	0.0	0.0	0.0	0.0	0.0	0.0	0.0	0.0	0.0	0.0	0.0	0.0	0.0	0.0	0.0	0.0	0.0	0.0	0.0	0.0	0.0	0.0	0.0	0.0	0.0	0.0	0.0	0.0	0.0	0.0	0.0	0.0	0.0	0.0	0.0	0.0	0.0	0.0	0.0	0.0	0.0	0.0	0.0
29924	41454	4050	1	7	0	0	[117000]	0.0	1	1	0.0	0.0	727.11	0.0	0.0	0.0	0.0	0.0	0.0	0.0	0.0	0.0	0.0	0.0	0.0	0.0	0.0	0.0	0.0	0.0	0.0	0.0	0.0	0.0	0.0	0.0	0.0	0.0	0.0	0.0	0.0	0.0	0.0	0.0	0.0	0.0	0.0	0.0	0.0	0.0	0.0	0.0	0.0	0.0	0.0	0.0	0.0	0.0	0.0	0.0	0.0	0.0	0.0	0.0	0.0	0.0	0.0	0.0	0.0	0.0	0.0	0.0	0.0
30443	12006	1395	1	12	1	2	[117000]	0.190189417948	1	1	81315.0	9712.71	122.04	0.0	0.0	0.0	0.0	0.0	0.0	0.0	0.0	0.0	0.0	0.0	0.0	81315.0	81315.0	81315.0	81315.0	81315.0	81315.0	81315.0	81315.0	81315.0	81315.0	81315.0	81315.0	81315.0	81315.0	81315.0	81315.0	81315.0	81315.0	81315.0	81315.0	81315.0	81315.0	81315.0	81315.0	81315.0	81315.0	81315.0	81315.0	81315.0	81315.0	81315.0	81315.0	81315.0	81315.0	81315.0	81315.0	81315.0	81315.0	81315.0	81315.0	81315.0	81315.0	81315.0	81315.0	81315.0	81315.0	81315.0	81315.0
30445	53343	22545	1	13	1	1	[117000]	0.0170495495495	1	1	27972.0	476.91	9235.8	0.0	0.0	27972.0	27972.0	27972.0	27972.0	27972.0	27972.0	27972.0	27972.0	27972.0	27972.0	27972.0	27972.0	27972.0	27972.0	27972.0	27972.0	27972.0	27972.0	27972.0	27972.0	27972.0	27972.0	27972.0	27972.0	27972.0	27972.0	27972.0	27972.0	27972.0	27972.0	27972.0	27972.0	27972.0	27972.0	27972.0	27972.0	27972.0	27972.0	27972.0	27972.0	27972.0	27972.0	27972.0	27972.0	27972.0	27972.0	27972.0	27972.0	27972.0	27972.0	27972.0	27972.0	27972.0	27972.0	27972.0	27972.0	27972.0	27972.0
116776	14463	1926	1	4	0	0	[117000]	0.0	1	1	0.0	0.0	190.26	0.0	0.0	0.0	0.0	0.0	0.0	0.0	0.0	0.0	0.0	0.0	0.0	0.0	0.0	0.0	0.0	0.0	0.0	0.0	0.0	0.0	0.0	0.0	0.0	0.0	0.0	0.0	0.0	0.0	0.0	0.0	0.0	0.0	0.0	0.0	0.0	0.0	0.0	0.0	0.0	0.0	0.0	0.0	0.0	0.0	0.0	0.0	0.0	0.0	0.0	0.0	0.0	0.0	0.0	0.0	0.0	0.0	0.0	0.0	0.0
29939	40554	10458	1	7	0	0	[117000]	0.0	1	1	0.0	0.0	2486.25	0.0	0.0	0.0	0.0	0.0	0.0	0.0	0.0	0.0	0.0	0.0	0.0	0.0	0.0	0.0	0.0	0.0	0.0	0.0	0.0	0.0	0.0	0.0	0.0	0.0	0.0	0.0	0.0	0.0	0.0	0.0	0.0	0.0	0.0	0.0	0.0	0.0	0.0	0.0	0.0	0.0	0.0	0.0	0.0	0.0	0.0	0.0	0.0	0.0	0.0	0.0	0.0	0.0	0.0	0.0	0.0	0.0	0.0	0.0	0.0
30454	33039	1998	1	12	0	0	[117000]	0.0	1	1	0.0	0.0	189.72	0.0	0.0	0.0	0.0	0.0	0.0	0.0	0.0	0.0	0.0	0.0	0.0	0.0	0.0	0.0	0.0	0.0	0.0	0.0	0.0	0.0	0.0	0.0	0.0	0.0	0.0	0.0	0.0	0.0	0.0	0.0	0.0	0.0	0.0	0.0	0.0	0.0	0.0	0.0	0.0	0.0	0.0	0.0	0.0	0.0	0.0	0.0	0.0	0.0	0.0	0.0	0.0	0.0	0.0	0.0	0.0	0.0	0.0	0.0	0.0
29943	50661	8856	1	10	1	1	[117000]	0.00759487882945	1	1	19683.0	149.49	886.14	0.0	19683.0	19683.0	19683.0	19683.0	19683.0	19683.0	19683.0	19683.0	19683.0	19683.0	19683.0	19683.0	19683.0	19683.0	19683.0	19683.0	19683.0	19683.0	19683.0	19683.0	19683.0	19683.0	19683.0	19683.0	19683.0	19683.0	19683.0	19683.0	19683.0	19683.0	19683.0	19683.0	19683.0	19683.0	19683.0	19683.0	19683.0	19683.0	19683.0	19683.0	19683.0	19683.0	19683.0	19683.0	19683.0	19683.0	19683.0	19683.0	19683.0	19683.0	19683.0	19683.0	19683.0	19683.0	19683.0	19683.0	19683.0	19683.0	19683.0
30457	152046	82458	1	12	0	0	[117000]	0.0	1	1	0.0	0.0	61411.5	0.0	0.0	0.0	0.0	0.0	0.0	0.0	0.0	0.0	0.0	0.0	0.0	0.0	0.0	0.0	0.0	0.0	0.0	0.0	0.0	0.0	0.0	0.0	0.0	0.0	0.0	0.0	0.0	0.0	0.0	0.0	0.0	0.0	0.0	0.0	0.0	0.0	0.0	0.0	0.0	0.0	0.0	0.0	0.0	0.0	0.0	0.0	0.0	0.0	0.0	0.0	0.0	0.0	0.0	0.0	0.0	0.0	0.0	0.0	0.0
29946	64242	7416	1	5	0	0	[117000]	0.0	1	1	0.0	0.0	801.81	0.0	0.0	0.0	0.0	0.0	0.0	0.0	0.0	0.0	0.0	0.0	0.0	0.0	0.0	0.0	0.0	0.0	0.0	0.0	0.0	0.0	0.0	0.0	0.0	0.0	0.0	0.0	0.0	0.0	0.0	0.0	0.0	0.0	0.0	0.0	0.0	0.0	0.0	0.0	0.0	0.0	0.0	0.0	0.0	0.0	0.0	0.0	0.0	0.0	0.0	0.0	0.0	0.0	0.0	0.0	0.0	0.0	0.0	0.0	0.0
29950	56214	16857	1	7	0	0	[117000]	0.0	1	1	0.0	0.0	5989.41	0.0	0.0	0.0	0.0	0.0	0.0	0.0	0.0	0.0	0.0	0.0	0.0	0.0	0.0	0.0	0.0	0.0	0.0	0.0	0.0	0.0	0.0	0.0	0.0	0.0	0.0	0.0	0.0	0.0	0.0	0.0	0.0	0.0	0.0	0.0	0.0	0.0	0.0	0.0	0.0	0.0	0.0	0.0	0.0	0.0	0.0	0.0	0.0	0.0	0.0	0.0	0.0	0.0	0.0	0.0	0.0	0.0	0.0	0.0	0.0
29951	5382	540	1	9	1	2	[117000]	0.0250864403857	1	1	70344.0	1035.63	40.59	0.0	0.0	70344.0	70344.0	70344.0	70344.0	70344.0	70344.0	70344.0	70344.0	70344.0	70344.0	70344.0	70344.0	70344.0	70344.0	70344.0	70344.0	70344.0	70344.0	70344.0	70344.0	70344.0	70344.0	70344.0	70344.0	70344.0	70344.0	70344.0	70344.0	70344.0	70344.0	70344.0	70344.0	70344.0	70344.0	70344.0	70344.0	70344.0	70344.0	70344.0	70344.0	70344.0	70344.0	70344.0	70344.0	70344.0	70344.0	70344.0	70344.0	70344.0	70344.0	70344.0	70344.0	70344.0	70344.0	70344.0	70344.0	70344.0	70344.0
116992	34803	1971	1	3	0	0	[117000]	0.0	1	1	0.0	0.0	169.29	0.0	0.0	0.0	0.0	0.0	0.0	0.0	0.0	0.0	0.0	0.0	0.0	0.0	0.0	0.0	0.0	0.0	0.0	0.0	0.0	0.0	0.0	0.0	0.0	0.0	0.0	0.0	0.0	0.0	0.0	0.0	0.0	0.0	0.0	0.0	0.0	0.0	0.0	0.0	0.0	0.0	0.0	0.0	0.0	0.0	0.0	0.0	0.0	0.0	0.0	0.0	0.0	0.0	0.0	0.0	0.0	0.0	0.0	0.0	0.0
30466	12771	3285	1	7	0	0	[117000]	0.0	1	1	0.0	0.0	369.99	0.0	0.0	0.0	0.0	0.0	0.0	0.0	0.0	0.0	0.0	0.0	0.0	0.0	0.0	0.0	0.0	0.0	0.0	0.0	0.0	0.0	0.0	0.0	0.0	0.0	0.0	0.0	0.0	0.0	0.0	0.0	0.0	0.0	0.0	0.0	0.0	0.0	0.0	0.0	0.0	0.0	0.0	0.0	0.0	0.0	0.0	0.0	0.0	0.0	0.0	0.0	0.0	0.0	0.0	0.0	0.0	0.0	0.0	0.0	0.0
30468	723771	217548	1	11	5	20	[117000]	1.25000970547	11	2	1850661.0	256432.14	111419.19	0.0	33039.0	75591.0	75591.0	75591.0	75591.0	238239.0	238239.0	238239.0	948294.0	1061307.0	1061307.0	1142622.0	1386297.0	1386297.0	1386297.0	1386297.0	1386297.0	1386297.0	1386297.0	1386297.0	1386297.0	1386297.0	1386297.0	1386297.0	1386297.0	1386297.0	1386297.0	1386297.0	1386297.0	1850661.0	1850661.0	1850661.0	1850661.0	1850661.0	1850661.0	1850661.0	1850661.0	1850661.0	1850661.0	1850661.0	1850661.0	1850661.0	1850661.0	1850661.0	1850661.0	1850661.0	1850661.0	1850661.0	1850661.0	1850661.0	1850661.0	1850661.0	1850661.0	1850661.0	1850661.0	1850661.0	1850661.0	1850661.0	1850661.0
29957	19683	1422	1	11	0	0	[117000]	0.0	1	1	0.0	0.0	149.49	0.0	0.0	0.0	0.0	0.0	0.0	0.0	0.0	0.0	0.0	0.0	0.0	0.0	0.0	0.0	0.0	0.0	0.0	0.0	0.0	0.0	0.0	0.0	0.0	0.0	0.0	0.0	0.0	0.0	0.0	0.0	0.0	0.0	0.0	0.0	0.0	0.0	0.0	0.0	0.0	0.0	0.0	0.0	0.0	0.0	0.0	0.0	0.0	0.0	0.0	0.0	0.0	0.0	0.0	0.0	0.0	0.0	0.0	0.0	0.0
117000	268965	64593	0	0	2	223	[117000]	12.1113159659	167	3	25535853.0	3353897.52	18506.07	0.0	0.0	0.0	0.0	341784.0	341784.0	341784.0	341784.0	11081889.0	11217168.0	12124413.0	14125338.0	14609997.0	14853672.0	14919435.0	20717568.0	20739015.0	20739015.0	20739015.0	20739015.0	21752982.0	21752982.0	21752982.0	22300092.0	22300092.0	22300092.0	22300092.0	22300092.0	22300092.0	22300092.0	25266573.0	25383807.0	25383807.0	25383807.0	25383807.0	25383807.0	25383807.0	25383807.0	25383807.0	25383807.0	25383807.0	25535853.0	25535853.0	25535853.0	25535853.0	25535853.0	25535853.0	25535853.0	25535853.0	25535853.0	25535853.0	25535853.0	25535853.0	25535853.0	25535853.0	25535853.0	25535853.0	25535853.0	25535853.0	25535853.0
30475	744822	243990	1	5	3	31	[117000]	1.58801180896	14	2	2568861.0	299106.0	114100.92	0.0	0.0	1152315.0	1165086.0	1165086.0	1193985.0	1193985.0	1193985.0	1193985.0	1193985.0	1193985.0	1193985.0	1193985.0	1193985.0	1193985.0	1193985.0	1193985.0	1193985.0	1193985.0	1193985.0	2451627.0	2451627.0	2451627.0	2451627.0	2451627.0	2451627.0	2451627.0	2451627.0	2451627.0	2451627.0	2451627.0	2568861.0	2568861.0	2568861.0	2568861.0	2568861.0	2568861.0	2568861.0	2568861.0	2568861.0	2568861.0	2568861.0	2568861.0	2568861.0	2568861.0	2568861.0	2568861.0	2568861.0	2568861.0	2568861.0	2568861.0	2568861.0	2568861.0	2568861.0	2568861.0	2568861.0	2568861.0	2568861.0	2568861.0	2568861.0
29964	22014	6957	1	7	0	0	[117000]	0.0	1	1	0.0	0.0	1999.53	0.0	0.0	0.0	0.0	0.0	0.0	0.0	0.0	0.0	0.0	0.0	0.0	0.0	0.0	0.0	0.0	0.0	0.0	0.0	0.0	0.0	0.0	0.0	0.0	0.0	0.0	0.0	0.0	0.0	0.0	0.0	0.0	0.0	0.0	0.0	0.0	0.0	0.0	0.0	0.0	0.0	0.0	0.0	0.0	0.0	0.0	0.0	0.0	0.0	0.0	0.0	0.0	0.0	0.0	0.0	0.0	0.0	0.0	0.0	0.0
29967	54999	13401	1	8	1	3	[117000]	0.0326282464057	1	1	75726.0	1076.22	4023.63	0.0	5382.0	75726.0	75726.0	75726.0	75726.0	75726.0	75726.0	75726.0	75726.0	75726.0	75726.0	75726.0	75726.0	75726.0	75726.0	75726.0	75726.0	75726.0	75726.0	75726.0	75726.0	75726.0	75726.0	75726.0	75726.0	75726.0	75726.0	75726.0	75726.0	75726.0	75726.0	75726.0	75726.0	75726.0	75726.0	75726.0	75726.0	75726.0	75726.0	75726.0	75726.0	75726.0	75726.0	75726.0	75726.0	75726.0	75726.0	75726.0	75726.0	75726.0	75726.0	75726.0	75726.0	75726.0	75726.0	75726.0	75726.0	75726.0	75726.0
29968	21222	927	1	6	0	0	[117000]	0.0	1	1	0.0	0.0	79.74	0.0	0.0	0.0	0.0	0.0	0.0	0.0	0.0	0.0	0.0	0.0	0.0	0.0	0.0	0.0	0.0	0.0	0.0	0.0	0.0	0.0	0.0	0.0	0.0	0.0	0.0	0.0	0.0	0.0	0.0	0.0	0.0	0.0	0.0	0.0	0.0	0.0	0.0	0.0	0.0	0.0	0.0	0.0	0.0	0.0	0.0	0.0	0.0	0.0	0.0	0.0	0.0	0.0	0.0	0.0	0.0	0.0	0.0	0.0	0.0
29970	11736	2574	1	8	0	0	[117000]	0.0	1	1	0.0	0.0	232.11	0.0	0.0	0.0	0.0	0.0	0.0	0.0	0.0	0.0	0.0	0.0	0.0	0.0	0.0	0.0	0.0	0.0	0.0	0.0	0.0	0.0	0.0	0.0	0.0	0.0	0.0	0.0	0.0	0.0	0.0	0.0	0.0	0.0	0.0	0.0	0.0	0.0	0.0	0.0	0.0	0.0	0.0	0.0	0.0	0.0	0.0	0.0	0.0	0.0	0.0	0.0	0.0	0.0	0.0	0.0	0.0	0.0	0.0	0.0	0.0
117379	294966	68751	1	4	0	0	[117000]	0.0	1	1	0.0	0.0	28209.42	0.0	0.0	0.0	0.0	0.0	0.0	0.0	0.0	0.0	0.0	0.0	0.0	0.0	0.0	0.0	0.0	0.0	0.0	0.0	0.0	0.0	0.0	0.0	0.0	0.0	0.0	0.0	0.0	0.0	0.0	0.0	0.0	0.0	0.0	0.0	0.0	0.0	0.0	0.0	0.0	0.0	0.0	0.0	0.0	0.0	0.0	0.0	0.0	0.0	0.0	0.0	0.0	0.0	0.0	0.0	0.0	0.0	0.0	0.0	0.0
30553	441639	139410	1	16	1	2	[117000]	0.0703671010431	1	1	22725.0	797.4	136879.74	0.0	0.0	0.0	0.0	22725.0	22725.0	22725.0	22725.0	22725.0	22725.0	22725.0	22725.0	22725.0	22725.0	22725.0	22725.0	22725.0	22725.0	22725.0	22725.0	22725.0	22725.0	22725.0	22725.0	22725.0	22725.0	22725.0	22725.0	22725.0	22725.0	22725.0	22725.0	22725.0	22725.0	22725.0	22725.0	22725.0	22725.0	22725.0	22725.0	22725.0	22725.0	22725.0	22725.0	22725.0	22725.0	22725.0	22725.0	22725.0	22725.0	22725.0	22725.0	22725.0	22725.0	22725.0	22725.0	22725.0	22725.0	22725.0	22725.0
29975	13680	1719	1	7	0	0	[117000]	0.0	1	1	0.0	0.0	153.27	0.0	0.0	0.0	0.0	0.0	0.0	0.0	0.0	0.0	0.0	0.0	0.0	0.0	0.0	0.0	0.0	0.0	0.0	0.0	0.0	0.0	0.0	0.0	0.0	0.0	0.0	0.0	0.0	0.0	0.0	0.0	0.0	0.0	0.0	0.0	0.0	0.0	0.0	0.0	0.0	0.0	0.0	0.0	0.0	0.0	0.0	0.0	0.0	0.0	0.0	0.0	0.0	0.0	0.0	0.0	0.0	0.0	0.0	0.0	0.0
29976	37701	2007	1	5	2	2	[117000]	0.129021239238	2	2	134478.0	7338.24	239.58	0.0	0.0	0.0	0.0	0.0	0.0	120726.0	120726.0	134478.0	134478.0	134478.0	134478.0	134478.0	134478.0	134478.0	134478.0	134478.0	134478.0	134478.0	134478.0	134478.0	134478.0	134478.0	134478.0	134478.0	134478.0	134478.0	134478.0	134478.0	134478.0	134478.0	134478.0	134478.0	134478.0	134478.0	134478.0	134478.0	134478.0	134478.0	134478.0	134478.0	134478.0	134478.0	134478.0	134478.0	134478.0	134478.0	134478.0	134478.0	134478.0	134478.0	134478.0	134478.0	134478.0	134478.0	134478.0	134478.0	134478.0	134478.0	134478.0
30492	494928	86751	1	6	4	28	[117000]	1.52867420135	12	2	1920222.0	282058.65	14087.79	0.0	265257.0	503676.0	516447.0	516447.0	545346.0	545346.0	545346.0	545346.0	545346.0	545346.0	545346.0	545346.0	545346.0	545346.0	545346.0	545346.0	545346.0	545346.0	545346.0	1802988.0	1802988.0	1802988.0	1802988.0	1802988.0	1802988.0	1802988.0	1802988.0	1802988.0	1802988.0	1802988.0	1920222.0	1920222.0	1920222.0	1920222.0	1920222.0	1920222.0	1920222.0	1920222.0	1920222.0	1920222.0	1920222.0	1920222.0	1920222.0	1920222.0	1920222.0	1920222.0	1920222.0	1920222.0	1920222.0	1920222.0	1920222.0	1920222.0	1920222.0	1920222.0	1920222.0	1920222.0	1920222.0	1920222.0	1920222.0
29981	357894	56637	1	4	2	4	[117000]	0.147857064979	3	2	236421.0	8379.63	12706.02	0.0	37701.0	101943.0	101943.0	101943.0	101943.0	222669.0	222669.0	236421.0	236421.0	236421.0	236421.0	236421.0	236421.0	236421.0	236421.0	236421.0	236421.0	236421.0	236421.0	236421.0	236421.0	236421.0	236421.0	236421.0	236421.0	236421.0	236421.0	236421.0	236421.0	236421.0	236421.0	236421.0	236421.0	236421.0	236421.0	236421.0	236421.0	236421.0	236421.0	236421.0	236421.0	236421.0	236421.0	236421.0	236421.0	236421.0	236421.0	236421.0	236421.0	236421.0	236421.0	236421.0	236421.0	236421.0	236421.0	236421.0	236421.0	236421.0	236421.0
30497	113013	25416	1	12	0	0	[117000]	0.0	1	1	0.0	0.0	11032.74	0.0	0.0	0.0	0.0	0.0	0.0	0.0	0.0	0.0	0.0	0.0	0.0	0.0	0.0	0.0	0.0	0.0	0.0	0.0	0.0	0.0	0.0	0.0	0.0	0.0	0.0	0.0	0.0	0.0	0.0	0.0	0.0	0.0	0.0	0.0	0.0	0.0	0.0	0.0	0.0	0.0	0.0	0.0	0.0	0.0	0.0	0.0	0.0	0.0	0.0	0.0	0.0	0.0	0.0	0.0	0.0	0.0	0.0	0.0	0.0
30499	220464	6363	1	7	2	3	[117000]	0.0464783752608	2	2	45846.0	631.17	321.3	0.0	22563.0	45846.0	45846.0	45846.0	45846.0	45846.0	45846.0	45846.0	45846.0	45846.0	45846.0	45846.0	45846.0	45846.0	45846.0	45846.0	45846.0	45846.0	45846.0	45846.0	45846.0	45846.0	45846.0	45846.0	45846.0	45846.0	45846.0	45846.0	45846.0	45846.0	45846.0	45846.0	45846.0	45846.0	45846.0	45846.0	45846.0	45846.0	45846.0	45846.0	45846.0	45846.0	45846.0	45846.0	45846.0	45846.0	45846.0	45846.0	45846.0	45846.0	45846.0	45846.0	45846.0	45846.0	45846.0	45846.0	45846.0	45846.0	45846.0
30500	10611	1575	1	9	1	17	[117000]	1.38625404087	7	2	1459521.0	278636.22	162.9	0.0	45549.0	55746.0	55746.0	55746.0	84645.0	84645.0	84645.0	84645.0	84645.0	84645.0	84645.0	84645.0	84645.0	84645.0	84645.0	84645.0	84645.0	84645.0	84645.0	1342287.0	1342287.0	1342287.0	1342287.0	1342287.0	1342287.0	1342287.0	1342287.0	1342287.0	1342287.0	1342287.0	1459521.0	1459521.0	1459521.0	1459521.0	1459521.0	1459521.0	1459521.0	1459521.0	1459521.0	1459521.0	1459521.0	1459521.0	1459521.0	1459521.0	1459521.0	1459521.0	1459521.0	1459521.0	1459521.0	1459521.0	1459521.0	1459521.0	1459521.0	1459521.0	1459521.0	1459521.0	1459521.0	1459521.0	1459521.0
30501	48348	4500	1	9	0	0	[117000]	0.0	1	1	0.0	0.0	558.81	0.0	0.0	0.0	0.0	0.0	0.0	0.0	0.0	0.0	0.0	0.0	0.0	0.0	0.0	0.0	0.0	0.0	0.0	0.0	0.0	0.0	0.0	0.0	0.0	0.0	0.0	0.0	0.0	0.0	0.0	0.0	0.0	0.0	0.0	0.0	0.0	0.0	0.0	0.0	0.0	0.0	0.0	0.0	0.0	0.0	0.0	0.0	0.0	0.0	0.0	0.0	0.0	0.0	0.0	0.0	0.0	0.0	0.0	0.0	0.0
30502	4761	1467	1	10	1	16	[117000]	1.35275687641	7	2	1454760.0	278476.74	159.48	0.0	40788.0	50985.0	50985.0	50985.0	79884.0	79884.0	79884.0	79884.0	79884.0	79884.0	79884.0	79884.0	79884.0	79884.0	79884.0	79884.0	79884.0	79884.0	79884.0	1337526.0	1337526.0	1337526.0	1337526.0	1337526.0	1337526.0	1337526.0	1337526.0	1337526.0	1337526.0	1337526.0	1454760.0	1454760.0	1454760.0	1454760.0	1454760.0	1454760.0	1454760.0	1454760.0	1454760.0	1454760.0	1454760.0	1454760.0	1454760.0	1454760.0	1454760.0	1454760.0	1454760.0	1454760.0	1454760.0	1454760.0	1454760.0	1454760.0	1454760.0	1454760.0	1454760.0	1454760.0	1454760.0	1454760.0	1454760.0
29991	13752	4986	1	6	0	0	[117000]	0.0	1	1	0.0	0.0	1059.03	0.0	0.0	0.0	0.0	0.0	0.0	0.0	0.0	0.0	0.0	0.0	0.0	0.0	0.0	0.0	0.0	0.0	0.0	0.0	0.0	0.0	0.0	0.0	0.0	0.0	0.0	0.0	0.0	0.0	0.0	0.0	0.0	0.0	0.0	0.0	0.0	0.0	0.0	0.0	0.0	0.0	0.0	0.0	0.0	0.0	0.0	0.0	0.0	0.0	0.0	0.0	0.0	0.0	0.0	0.0	0.0	0.0	0.0	0.0	0.0
30508	11799	1926	1	8	0	0	[117000]	0.0	1	1	0.0	0.0	227.25	0.0	0.0	0.0	0.0	0.0	0.0	0.0	0.0	0.0	0.0	0.0	0.0	0.0	0.0	0.0	0.0	0.0	0.0	0.0	0.0	0.0	0.0	0.0	0.0	0.0	0.0	0.0	0.0	0.0	0.0	0.0	0.0	0.0	0.0	0.0	0.0	0.0	0.0	0.0	0.0	0.0	0.0	0.0	0.0	0.0	0.0	0.0	0.0	0.0	0.0	0.0	0.0	0.0	0.0	0.0	0.0	0.0	0.0	0.0	0.0
30510	40788	2592	1	11	2	15	[117000]	1.34606887994	7	2	1413972.0	278203.95	272.79	0.0	0.0	10197.0	10197.0	10197.0	39096.0	39096.0	39096.0	39096.0	39096.0	39096.0	39096.0	39096.0	39096.0	39096.0	39096.0	39096.0	39096.0	39096.0	39096.0	1296738.0	1296738.0	1296738.0	1296738.0	1296738.0	1296738.0	1296738.0	1296738.0	1296738.0	1296738.0	1296738.0	1413972.0	1413972.0	1413972.0	1413972.0	1413972.0	1413972.0	1413972.0	1413972.0	1413972.0	1413972.0	1413972.0	1413972.0	1413972.0	1413972.0	1413972.0	1413972.0	1413972.0	1413972.0	1413972.0	1413972.0	1413972.0	1413972.0	1413972.0	1413972.0	1413972.0	1413972.0	1413972.0	1413972.0	1413972.0
30511	25263	4941	1	16	0	0	[117000]	0.0	1	1	0.0	0.0	486.27	0.0	0.0	0.0	0.0	0.0	0.0	0.0	0.0	0.0	0.0	0.0	0.0	0.0	0.0	0.0	0.0	0.0	0.0	0.0	0.0	0.0	0.0	0.0	0.0	0.0	0.0	0.0	0.0	0.0	0.0	0.0	0.0	0.0	0.0	0.0	0.0	0.0	0.0	0.0	0.0	0.0	0.0	0.0	0.0	0.0	0.0	0.0	0.0	0.0	0.0	0.0	0.0	0.0	0.0	0.0	0.0	0.0	0.0	0.0	0.0
30000	44370	2466	1	7	1	1	[117000]	0.019777607362	1	1	11736.0	232.11	265.05	0.0	0.0	11736.0	11736.0	11736.0	11736.0	11736.0	11736.0	11736.0	11736.0	11736.0	11736.0	11736.0	11736.0	11736.0	11736.0	11736.0	11736.0	11736.0	11736.0	11736.0	11736.0	11736.0	11736.0	11736.0	11736.0	11736.0	11736.0	11736.0	11736.0	11736.0	11736.0	11736.0	11736.0	11736.0	11736.0	11736.0	11736.0	11736.0	11736.0	11736.0	11736.0	11736.0	11736.0	11736.0	11736.0	11736.0	11736.0	11736.0	11736.0	11736.0	11736.0	11736.0	11736.0	11736.0	11736.0	11736.0	11736.0	11736.0	11736.0
30513	10197	1710	1	12	1	12	[117000]	1.26510527481	6	2	1374876.0	276643.44	160.02	0.0	0.0	0.0	0.0	0.0	0.0	0.0	0.0	0.0	0.0	0.0	0.0	0.0	0.0	0.0	0.0	0.0	0.0	0.0	0.0	1257642.0	1257642.0	1257642.0	1257642.0	1257642.0	1257642.0	1257642.0	1257642.0	1257642.0	1257642.0	1257642.0	1374876.0	1374876.0	1374876.0	1374876.0	1374876.0	1374876.0	1374876.0	1374876.0	1374876.0	1374876.0	1374876.0	1374876.0	1374876.0	1374876.0	1374876.0	1374876.0	1374876.0	1374876.0	1374876.0	1374876.0	1374876.0	1374876.0	1374876.0	1374876.0	1374876.0	1374876.0	1374876.0	1374876.0	1374876.0
30002	13869	2259	1	4	0	0	[117000]	0.0	1	1	0.0	0.0	178.11	0.0	0.0	0.0	0.0	0.0	0.0	0.0	0.0	0.0	0.0	0.0	0.0	0.0	0.0	0.0	0.0	0.0	0.0	0.0	0.0	0.0	0.0	0.0	0.0	0.0	0.0	0.0	0.0	0.0	0.0	0.0	0.0	0.0	0.0	0.0	0.0	0.0	0.0	0.0	0.0	0.0	0.0	0.0	0.0	0.0	0.0	0.0	0.0	0.0	0.0	0.0	0.0	0.0	0.0	0.0	0.0	0.0	0.0	0.0	0.0
30517	63342	15381	1	14	1	1	[117000]	0.00327517600245	1	1	29403.0	96.3	4630.14	0.0	29403.0	29403.0	29403.0	29403.0	29403.0	29403.0	29403.0	29403.0	29403.0	29403.0	29403.0	29403.0	29403.0	29403.0	29403.0	29403.0	29403.0	29403.0	29403.0	29403.0	29403.0	29403.0	29403.0	29403.0	29403.0	29403.0	29403.0	29403.0	29403.0	29403.0	29403.0	29403.0	29403.0	29403.0	29403.0	29403.0	29403.0	29403.0	29403.0	29403.0	29403.0	29403.0	29403.0	29403.0	29403.0	29403.0	29403.0	29403.0	29403.0	29403.0	29403.0	29403.0	29403.0	29403.0	29403.0	29403.0	29403.0	29403.0	29403.0
30519	5688	594	1	13	0	0	[117000]	0.0	1	1	0.0	0.0	37.17	0.0	0.0	0.0	0.0	0.0	0.0	0.0	0.0	0.0	0.0	0.0	0.0	0.0	0.0	0.0	0.0	0.0	0.0	0.0	0.0	0.0	0.0	0.0	0.0	0.0	0.0	0.0	0.0	0.0	0.0	0.0	0.0	0.0	0.0	0.0	0.0	0.0	0.0	0.0	0.0	0.0	0.0	0.0	0.0	0.0	0.0	0.0	0.0	0.0	0.0	0.0	0.0	0.0	0.0	0.0	0.0	0.0	0.0	0.0	0.0
30522	22563	2016	1	8	1	1	[117000]	0.018973354232	1	1	11484.0	217.89	186.03	0.0	0.0	11484.0	11484.0	11484.0	11484.0	11484.0	11484.0	11484.0	11484.0	11484.0	11484.0	11484.0	11484.0	11484.0	11484.0	11484.0	11484.0	11484.0	11484.0	11484.0	11484.0	11484.0	11484.0	11484.0	11484.0	11484.0	11484.0	11484.0	11484.0	11484.0	11484.0	11484.0	11484.0	11484.0	11484.0	11484.0	11484.0	11484.0	11484.0	11484.0	11484.0	11484.0	11484.0	11484.0	11484.0	11484.0	11484.0	11484.0	11484.0	11484.0	11484.0	11484.0	11484.0	11484.0	11484.0	11484.0	11484.0	11484.0	11484.0
30011	21447	10008	1	4	0	0	[117000]	0.0	1	1	0.0	0.0	3305.97	0.0	0.0	0.0	0.0	0.0	0.0	0.0	0.0	0.0	0.0	0.0	0.0	0.0	0.0	0.0	0.0	0.0	0.0	0.0	0.0	0.0	0.0	0.0	0.0	0.0	0.0	0.0	0.0	0.0	0.0	0.0	0.0	0.0	0.0	0.0	0.0	0.0	0.0	0.0	0.0	0.0	0.0	0.0	0.0	0.0	0.0	0.0	0.0	0.0	0.0	0.0	0.0	0.0	0.0	0.0	0.0	0.0	0.0	0.0	0.0
30012	192879	58932	1	7	1	4	[117000]	0.105786485646	1	1	130725.0	5099.85	25536.6	0.0	0.0	0.0	0.0	130725.0	130725.0	130725.0	130725.0	130725.0	130725.0	130725.0	130725.0	130725.0	130725.0	130725.0	130725.0	130725.0	130725.0	130725.0	130725.0	130725.0	130725.0	130725.0	130725.0	130725.0	130725.0	130725.0	130725.0	130725.0	130725.0	130725.0	130725.0	130725.0	130725.0	130725.0	130725.0	130725.0	130725.0	130725.0	130725.0	130725.0	130725.0	130725.0	130725.0	130725.0	130725.0	130725.0	130725.0	130725.0	130725.0	130725.0	130725.0	130725.0	130725.0	130725.0	130725.0	130725.0	130725.0	130725.0	130725.0
30525	29403	981	1	15	0	0	[117000]	0.0	1	1	0.0	0.0	96.3	0.0	0.0	0.0	0.0	0.0	0.0	0.0	0.0	0.0	0.0	0.0	0.0	0.0	0.0	0.0	0.0	0.0	0.0	0.0	0.0	0.0	0.0	0.0	0.0	0.0	0.0	0.0	0.0	0.0	0.0	0.0	0.0	0.0	0.0	0.0	0.0	0.0	0.0	0.0	0.0	0.0	0.0	0.0	0.0	0.0	0.0	0.0	0.0	0.0	0.0	0.0	0.0	0.0	0.0	0.0	0.0	0.0	0.0	0.0	0.0
30526	3555	891	1	14	1	5	[117000]	0.483292178106	2	2	575514.0	145355.67	180.0	0.0	0.0	0.0	0.0	0.0	0.0	0.0	111150.0	111150.0	111150.0	111150.0	111150.0	111150.0	111150.0	111150.0	111150.0	111150.0	111150.0	111150.0	111150.0	111150.0	111150.0	111150.0	111150.0	111150.0	111150.0	111150.0	111150.0	111150.0	111150.0	575514.0	575514.0	575514.0	575514.0	575514.0	575514.0	575514.0	575514.0	575514.0	575514.0	575514.0	575514.0	575514.0	575514.0	575514.0	575514.0	575514.0	575514.0	575514.0	575514.0	575514.0	575514.0	575514.0	575514.0	575514.0	575514.0	575514.0	575514.0	575514.0	575514.0
30527	40293	10746	1	14	0	0	[117000]	0.0	1	1	0.0	0.0	4301.91	0.0	0.0	0.0	0.0	0.0	0.0	0.0	0.0	0.0	0.0	0.0	0.0	0.0	0.0	0.0	0.0	0.0	0.0	0.0	0.0	0.0	0.0	0.0	0.0	0.0	0.0	0.0	0.0	0.0	0.0	0.0	0.0	0.0	0.0	0.0	0.0	0.0	0.0	0.0	0.0	0.0	0.0	0.0	0.0	0.0	0.0	0.0	0.0	0.0	0.0	0.0	0.0	0.0	0.0	0.0	0.0	0.0	0.0	0.0	0.0
30016	13365	2583	1	6	0	0	[117000]	0.0	1	1	0.0	0.0	322.92	0.0	0.0	0.0	0.0	0.0	0.0	0.0	0.0	0.0	0.0	0.0	0.0	0.0	0.0	0.0	0.0	0.0	0.0	0.0	0.0	0.0	0.0	0.0	0.0	0.0	0.0	0.0	0.0	0.0	0.0	0.0	0.0	0.0	0.0	0.0	0.0	0.0	0.0	0.0	0.0	0.0	0.0	0.0	0.0	0.0	0.0	0.0	0.0	0.0	0.0	0.0	0.0	0.0	0.0	0.0	0.0	0.0	0.0	0.0	0.0
30018	120726	24471	1	6	0	0	[117000]	0.0	1	1	0.0	0.0	6279.21	0.0	0.0	0.0	0.0	0.0	0.0	0.0	0.0	0.0	0.0	0.0	0.0	0.0	0.0	0.0	0.0	0.0	0.0	0.0	0.0	0.0	0.0	0.0	0.0	0.0	0.0	0.0	0.0	0.0	0.0	0.0	0.0	0.0	0.0	0.0	0.0	0.0	0.0	0.0	0.0	0.0	0.0	0.0	0.0	0.0	0.0	0.0	0.0	0.0	0.0	0.0	0.0	0.0	0.0	0.0	0.0	0.0	0.0	0.0	0.0
30019	94635	13464	1	5	1	1	[117000]	0.00375742154368	1	1	21222.0	79.74	1797.57	0.0	21222.0	21222.0	21222.0	21222.0	21222.0	21222.0	21222.0	21222.0	21222.0	21222.0	21222.0	21222.0	21222.0	21222.0	21222.0	21222.0	21222.0	21222.0	21222.0	21222.0	21222.0	21222.0	21222.0	21222.0	21222.0	21222.0	21222.0	21222.0	21222.0	21222.0	21222.0	21222.0	21222.0	21222.0	21222.0	21222.0	21222.0	21222.0	21222.0	21222.0	21222.0	21222.0	21222.0	21222.0	21222.0	21222.0	21222.0	21222.0	21222.0	21222.0	21222.0	21222.0	21222.0	21222.0	21222.0	21222.0	21222.0	21222.0	21222.0
30532	466326	105444	1	13	6	12	[117000]	0.780918145776	7	2	951768.0	180357.48	46152.81	0.0	5211.0	5211.0	36279.0	36279.0	36279.0	132579.0	243729.0	243729.0	243729.0	243729.0	243729.0	243729.0	487404.0	487404.0	487404.0	487404.0	487404.0	487404.0	487404.0	487404.0	487404.0	487404.0	487404.0	487404.0	487404.0	487404.0	487404.0	487404.0	487404.0	951768.0	951768.0	951768.0	951768.0	951768.0	951768.0	951768.0	951768.0	951768.0	951768.0	951768.0	951768.0	951768.0	951768.0	951768.0	951768.0	951768.0	951768.0	951768.0	951768.0	951768.0	951768.0	951768.0	951768.0	951768.0	951768.0	951768.0	951768.0	951768.0	951768.0
30534	85887	24642	1	15	2	4	[117000]	0.399551216145	2	2	489627.0	138163.41	7192.26	0.0	0.0	25263.0	25263.0	25263.0	25263.0	25263.0	25263.0	25263.0	25263.0	25263.0	25263.0	25263.0	25263.0	25263.0	25263.0	25263.0	25263.0	25263.0	25263.0	25263.0	25263.0	25263.0	25263.0	25263.0	25263.0	25263.0	25263.0	25263.0	25263.0	489627.0	489627.0	489627.0	489627.0	489627.0	489627.0	489627.0	489627.0	489627.0	489627.0	489627.0	489627.0	489627.0	489627.0	489627.0	489627.0	489627.0	489627.0	489627.0	489627.0	489627.0	489627.0	489627.0	489627.0	489627.0	489627.0	489627.0	489627.0	489627.0	489627.0
30024	111015	19620	1	6	0	0	[117000]	0.0	1	1	0.0	0.0	9446.31	0.0	0.0	0.0	0.0	0.0	0.0	0.0	0.0	0.0	0.0	0.0	0.0	0.0	0.0	0.0	0.0	0.0	0.0	0.0	0.0	0.0	0.0	0.0	0.0	0.0	0.0	0.0	0.0	0.0	0.0	0.0	0.0	0.0	0.0	0.0	0.0	0.0	0.0	0.0	0.0	0.0	0.0	0.0	0.0	0.0	0.0	0.0	0.0	0.0	0.0	0.0	0.0	0.0	0.0	0.0	0.0	0.0	0.0	0.0	0.0
30025	12366	2484	1	7	0	0	[117000]	0.0	1	1	0.0	0.0	356.31	0.0	0.0	0.0	0.0	0.0	0.0	0.0	0.0	0.0	0.0	0.0	0.0	0.0	0.0	0.0	0.0	0.0	0.0	0.0	0.0	0.0	0.0	0.0	0.0	0.0	0.0	0.0	0.0	0.0	0.0	0.0	0.0	0.0	0.0	0.0	0.0	0.0	0.0	0.0	0.0	0.0	0.0	0.0	0.0	0.0	0.0	0.0	0.0	0.0	0.0	0.0	0.0	0.0	0.0	0.0	0.0	0.0	0.0	0.0	0.0
30392	7587	2286	2	6	0	0	[117000]	0.0	1	1	0.0	0.0	253.62	0.0	0.0	0.0	0.0	0.0	0.0	0.0	0.0	0.0	0.0	0.0	0.0	0.0	0.0	0.0	0.0	0.0	0.0	0.0	0.0	0.0	0.0	0.0	0.0	0.0	0.0	0.0	0.0	0.0	0.0	0.0	0.0	0.0	0.0	0.0	0.0	0.0	0.0	0.0	0.0	0.0	0.0	0.0	0.0	0.0	0.0	0.0	0.0	0.0	0.0	0.0	0.0	0.0	0.0	0.0	0.0	0.0	0.0	0.0	0.0
30032	8919	1773	1	5	0	0	[117000]	0.0	1	1	0.0	0.0	244.8	0.0	0.0	0.0	0.0	0.0	0.0	0.0	0.0	0.0	0.0	0.0	0.0	0.0	0.0	0.0	0.0	0.0	0.0	0.0	0.0	0.0	0.0	0.0	0.0	0.0	0.0	0.0	0.0	0.0	0.0	0.0	0.0	0.0	0.0	0.0	0.0	0.0	0.0	0.0	0.0	0.0	0.0	0.0	0.0	0.0	0.0	0.0	0.0	0.0	0.0	0.0	0.0	0.0	0.0	0.0	0.0	0.0	0.0	0.0	0.0
30549	407808	245781	1	13	4	11	[117000]	0.808638775873	6	2	967068.0	90492.75	186150.69	0.0	230166.0	247842.0	406296.0	487539.0	487539.0	487539.0	487539.0	487539.0	487539.0	487539.0	527832.0	527832.0	771507.0	771507.0	771507.0	771507.0	849834.0	849834.0	849834.0	849834.0	849834.0	849834.0	849834.0	849834.0	849834.0	849834.0	849834.0	849834.0	849834.0	849834.0	967068.0	967068.0	967068.0	967068.0	967068.0	967068.0	967068.0	967068.0	967068.0	967068.0	967068.0	967068.0	967068.0	967068.0	967068.0	967068.0	967068.0	967068.0	967068.0	967068.0	967068.0	967068.0	967068.0	967068.0	967068.0	967068.0	967068.0	967068.0	967068.0
30550	11754	4050	1	18	0	0	[117000]	0.0	1	1	0.0	0.0	381.33	0.0	0.0	0.0	0.0	0.0	0.0	0.0	0.0	0.0	0.0	0.0	0.0	0.0	0.0	0.0	0.0	0.0	0.0	0.0	0.0	0.0	0.0	0.0	0.0	0.0	0.0	0.0	0.0	0.0	0.0	0.0	0.0	0.0	0.0	0.0	0.0	0.0	0.0	0.0	0.0	0.0	0.0	0.0	0.0	0.0	0.0	0.0	0.0	0.0	0.0	0.0	0.0	0.0	0.0	0.0	0.0	0.0	0.0	0.0	0.0
30552	5184	1278	1	14	0	0	[117000]	0.0	1	1	0.0	0.0	115.74	0.0	0.0	0.0	0.0	0.0	0.0	0.0	0.0	0.0	0.0	0.0	0.0	0.0	0.0	0.0	0.0	0.0	0.0	0.0	0.0	0.0	0.0	0.0	0.0	0.0	0.0	0.0	0.0	0.0	0.0	0.0	0.0	0.0	0.0	0.0	0.0	0.0	0.0	0.0	0.0	0.0	0.0	0.0	0.0	0.0	0.0	0.0	0.0	0.0	0.0	0.0	0.0	0.0	0.0	0.0	0.0	0.0	0.0	0.0	0.0
30436	30546	4635	1	12	0	0	[117000]	0.0	1	1	0.0	0.0	447.48	0.0	0.0	0.0	0.0	0.0	0.0	0.0	0.0	0.0	0.0	0.0	0.0	0.0	0.0	0.0	0.0	0.0	0.0	0.0	0.0	0.0	0.0	0.0	0.0	0.0	0.0	0.0	0.0	0.0	0.0	0.0	0.0	0.0	0.0	0.0	0.0	0.0	0.0	0.0	0.0	0.0	0.0	0.0	0.0	0.0	0.0	0.0	0.0	0.0	0.0	0.0	0.0	0.0	0.0	0.0	0.0	0.0	0.0	0.0	0.0
30555	81243	12213	1	14	1	1	[117000]	0.120668144044	1	1	243675.0	29403.81	2448.81	0.0	0.0	0.0	0.0	0.0	0.0	0.0	0.0	0.0	0.0	0.0	0.0	0.0	243675.0	243675.0	243675.0	243675.0	243675.0	243675.0	243675.0	243675.0	243675.0	243675.0	243675.0	243675.0	243675.0	243675.0	243675.0	243675.0	243675.0	243675.0	243675.0	243675.0	243675.0	243675.0	243675.0	243675.0	243675.0	243675.0	243675.0	243675.0	243675.0	243675.0	243675.0	243675.0	243675.0	243675.0	243675.0	243675.0	243675.0	243675.0	243675.0	243675.0	243675.0	243675.0	243675.0	243675.0	243675.0	243675.0	243675.0
30558	10971	3006	1	17	1	1	[117000]	0.0324425727412	1	1	11754.0	381.33	416.07	0.0	0.0	0.0	0.0	11754.0	11754.0	11754.0	11754.0	11754.0	11754.0	11754.0	11754.0	11754.0	11754.0	11754.0	11754.0	11754.0	11754.0	11754.0	11754.0	11754.0	11754.0	11754.0	11754.0	11754.0	11754.0	11754.0	11754.0	11754.0	11754.0	11754.0	11754.0	11754.0	11754.0	11754.0	11754.0	11754.0	11754.0	11754.0	11754.0	11754.0	11754.0	11754.0	11754.0	11754.0	11754.0	11754.0	11754.0	11754.0	11754.0	11754.0	11754.0	11754.0	11754.0	11754.0	11754.0	11754.0	11754.0	11754.0	11754.0
30512	23211	7146	1	12	1	1	[117000]	0.00653481012658	1	1	5688.0	37.17	1363.32	0.0	5688.0	5688.0	5688.0	5688.0	5688.0	5688.0	5688.0	5688.0	5688.0	5688.0	5688.0	5688.0	5688.0	5688.0	5688.0	5688.0	5688.0	5688.0	5688.0	5688.0	5688.0	5688.0	5688.0	5688.0	5688.0	5688.0	5688.0	5688.0	5688.0	5688.0	5688.0	5688.0	5688.0	5688.0	5688.0	5688.0	5688.0	5688.0	5688.0	5688.0	5688.0	5688.0	5688.0	5688.0	5688.0	5688.0	5688.0	5688.0	5688.0	5688.0	5688.0	5688.0	5688.0	5688.0	5688.0	5688.0	5688.0	5688.0	5688.0
30048	61839	3789	1	7	0	0	[117000]	0.0	1	1	0.0	0.0	395.19	0.0	0.0	0.0	0.0	0.0	0.0	0.0	0.0	0.0	0.0	0.0	0.0	0.0	0.0	0.0	0.0	0.0	0.0	0.0	0.0	0.0	0.0	0.0	0.0	0.0	0.0	0.0	0.0	0.0	0.0	0.0	0.0	0.0	0.0	0.0	0.0	0.0	0.0	0.0	0.0	0.0	0.0	0.0	0.0	0.0	0.0	0.0	0.0	0.0	0.0	0.0	0.0	0.0	0.0	0.0	0.0	0.0	0.0	0.0	0.0
30051	116541	39870	1	5	2	2	[117000]	0.109252009352	2	2	124380.0	9769.23	8050.68	0.0	0.0	0.0	13365.0	13365.0	13365.0	13365.0	13365.0	13365.0	124380.0	124380.0	124380.0	124380.0	124380.0	124380.0	124380.0	124380.0	124380.0	124380.0	124380.0	124380.0	124380.0	124380.0	124380.0	124380.0	124380.0	124380.0	124380.0	124380.0	124380.0	124380.0	124380.0	124380.0	124380.0	124380.0	124380.0	124380.0	124380.0	124380.0	124380.0	124380.0	124380.0	124380.0	124380.0	124380.0	124380.0	124380.0	124380.0	124380.0	124380.0	124380.0	124380.0	124380.0	124380.0	124380.0	124380.0	124380.0	124380.0	124380.0	124380.0
30564	25884	5256	1	14	0	0	[117000]	0.0	1	1	0.0	0.0	540.72	0.0	0.0	0.0	0.0	0.0	0.0	0.0	0.0	0.0	0.0	0.0	0.0	0.0	0.0	0.0	0.0	0.0	0.0	0.0	0.0	0.0	0.0	0.0	0.0	0.0	0.0	0.0	0.0	0.0	0.0	0.0	0.0	0.0	0.0	0.0	0.0	0.0	0.0	0.0	0.0	0.0	0.0	0.0	0.0	0.0	0.0	0.0	0.0	0.0	0.0	0.0	0.0	0.0	0.0	0.0	0.0	0.0	0.0	0.0	0.0
30566	24102	4743	1	15	1	1	[117000]	0.165761231759	1	1	78327.0	12983.58	558.18	0.0	0.0	0.0	0.0	0.0	0.0	0.0	0.0	0.0	0.0	0.0	0.0	0.0	0.0	0.0	0.0	0.0	78327.0	78327.0	78327.0	78327.0	78327.0	78327.0	78327.0	78327.0	78327.0	78327.0	78327.0	78327.0	78327.0	78327.0	78327.0	78327.0	78327.0	78327.0	78327.0	78327.0	78327.0	78327.0	78327.0	78327.0	78327.0	78327.0	78327.0	78327.0	78327.0	78327.0	78327.0	78327.0	78327.0	78327.0	78327.0	78327.0	78327.0	78327.0	78327.0	78327.0	78327.0	78327.0	78327.0
30567	16722	729	1	15	0	0	[117000]	0.0	1	1	0.0	0.0	46.89	0.0	0.0	0.0	0.0	0.0	0.0	0.0	0.0	0.0	0.0	0.0	0.0	0.0	0.0	0.0	0.0	0.0	0.0	0.0	0.0	0.0	0.0	0.0	0.0	0.0	0.0	0.0	0.0	0.0	0.0	0.0	0.0	0.0	0.0	0.0	0.0	0.0	0.0	0.0	0.0	0.0	0.0	0.0	0.0	0.0	0.0	0.0	0.0	0.0	0.0	0.0	0.0	0.0	0.0	0.0	0.0	0.0	0.0	0.0	0.0
118120	144414	10548	1	6	0	0	[117000]	0.0	1	1	0.0	0.0	2856.42	0.0	0.0	0.0	0.0	0.0	0.0	0.0	0.0	0.0	0.0	0.0	0.0	0.0	0.0	0.0	0.0	0.0	0.0	0.0	0.0	0.0	0.0	0.0	0.0	0.0	0.0	0.0	0.0	0.0	0.0	0.0	0.0	0.0	0.0	0.0	0.0	0.0	0.0	0.0	0.0	0.0	0.0	0.0	0.0	0.0	0.0	0.0	0.0	0.0	0.0	0.0	0.0	0.0	0.0	0.0	0.0	0.0	0.0	0.0	0.0
30524	10089	738	1	8	0	0	[117000]	0.0	1	1	0.0	0.0	28.8	0.0	0.0	0.0	0.0	0.0	0.0	0.0	0.0	0.0	0.0	0.0	0.0	0.0	0.0	0.0	0.0	0.0	0.0	0.0	0.0	0.0	0.0	0.0	0.0	0.0	0.0	0.0	0.0	0.0	0.0	0.0	0.0	0.0	0.0	0.0	0.0	0.0	0.0	0.0	0.0	0.0	0.0	0.0	0.0	0.0	0.0	0.0	0.0	0.0	0.0	0.0	0.0	0.0	0.0	0.0	0.0	0.0	0.0	0.0	0.0
30571	78327	25569	1	16	0	0	[117000]	0.0	1	1	0.0	0.0	12983.58	0.0	0.0	0.0	0.0	0.0	0.0	0.0	0.0	0.0	0.0	0.0	0.0	0.0	0.0	0.0	0.0	0.0	0.0	0.0	0.0	0.0	0.0	0.0	0.0	0.0	0.0	0.0	0.0	0.0	0.0	0.0	0.0	0.0	0.0	0.0	0.0	0.0	0.0	0.0	0.0	0.0	0.0	0.0	0.0	0.0	0.0	0.0	0.0	0.0	0.0	0.0	0.0	0.0	0.0	0.0	0.0	0.0	0.0	0.0	0.0
30062	752634	18117	1	4	9	56	[117000]	3.09929403111	35	2	6892434.0	897526.35	1676.88	0.0	296307.0	457947.0	487044.0	487044.0	571149.0	595125.0	725031.0	725031.0	860310.0	878454.0	1094301.0	1094301.0	1094301.0	1094301.0	6892434.0	6892434.0	6892434.0	6892434.0	6892434.0	6892434.0	6892434.0	6892434.0	6892434.0	6892434.0	6892434.0	6892434.0	6892434.0	6892434.0	6892434.0	6892434.0	6892434.0	6892434.0	6892434.0	6892434.0	6892434.0	6892434.0	6892434.0	6892434.0	6892434.0	6892434.0	6892434.0	6892434.0	6892434.0	6892434.0	6892434.0	6892434.0	6892434.0	6892434.0	6892434.0	6892434.0	6892434.0	6892434.0	6892434.0	6892434.0	6892434.0	6892434.0	6892434.0	6892434.0	6892434.0
30575	243675	81990	2	26	0	0	[117000]	0.0	1	1	0.0	0.0	29403.81	0.0	0.0	0.0	0.0	0.0	0.0	0.0	0.0	0.0	0.0	0.0	0.0	0.0	0.0	0.0	0.0	0.0	0.0	0.0	0.0	0.0	0.0	0.0	0.0	0.0	0.0	0.0	0.0	0.0	0.0	0.0	0.0	0.0	0.0	0.0	0.0	0.0	0.0	0.0	0.0	0.0	0.0	0.0	0.0	0.0	0.0	0.0	0.0	0.0	0.0	0.0	0.0	0.0	0.0	0.0	0.0	0.0	0.0	0.0	0.0
117109	173709	36648	1	1	3	221	[117000]	12.0258403835	166	3	25319178.0	3343089.42	9480.51	0.0	125109.0	125109.0	125109.0	125109.0	125109.0	125109.0	125109.0	10865214.0	11000493.0	11907738.0	13908663.0	14393322.0	14636997.0	14702760.0	20500893.0	20522340.0	20522340.0	20522340.0	20522340.0	21536307.0	21536307.0	21536307.0	22083417.0	22083417.0	22083417.0	22083417.0	22083417.0	22083417.0	22083417.0	25049898.0	25167132.0	25167132.0	25167132.0	25167132.0	25167132.0	25167132.0	25167132.0	25167132.0	25167132.0	25167132.0	25319178.0	25319178.0	25319178.0	25319178.0	25319178.0	25319178.0	25319178.0	25319178.0	25319178.0	25319178.0	25319178.0	25319178.0	25319178.0	25319178.0	25319178.0	25319178.0	25319178.0	25319178.0	25319178.0
116599	7974	3150	1	4	0	0	[117000]	0.0	1	1	0.0	0.0	424.8	0.0	0.0	0.0	0.0	0.0	0.0	0.0	0.0	0.0	0.0	0.0	0.0	0.0	0.0	0.0	0.0	0.0	0.0	0.0	0.0	0.0	0.0	0.0	0.0	0.0	0.0	0.0	0.0	0.0	0.0	0.0	0.0	0.0	0.0	0.0	0.0	0.0	0.0	0.0	0.0	0.0	0.0	0.0	0.0	0.0	0.0	0.0	0.0	0.0	0.0	0.0	0.0	0.0	0.0	0.0	0.0	0.0	0.0	0.0	0.0
30075	29223	2790	1	5	0	0	[117000]	0.0	1	1	0.0	0.0	314.91	0.0	0.0	0.0	0.0	0.0	0.0	0.0	0.0	0.0	0.0	0.0	0.0	0.0	0.0	0.0	0.0	0.0	0.0	0.0	0.0	0.0	0.0	0.0	0.0	0.0	0.0	0.0	0.0	0.0	0.0	0.0	0.0	0.0	0.0	0.0	0.0	0.0	0.0	0.0	0.0	0.0	0.0	0.0	0.0	0.0	0.0	0.0	0.0	0.0	0.0	0.0	0.0	0.0	0.0	0.0	0.0	0.0	0.0	0.0	0.0
30076	98352	31653	1	7	1	2	[117000]	0.0940523619698	1	1	276417.0	15998.76	15871.14	0.0	0.0	0.0	0.0	0.0	0.0	276417.0	276417.0	276417.0	276417.0	276417.0	276417.0	276417.0	276417.0	276417.0	276417.0	276417.0	276417.0	276417.0	276417.0	276417.0	276417.0	276417.0	276417.0	276417.0	276417.0	276417.0	276417.0	276417.0	276417.0	276417.0	276417.0	276417.0	276417.0	276417.0	276417.0	276417.0	276417.0	276417.0	276417.0	276417.0	276417.0	276417.0	276417.0	276417.0	276417.0	276417.0	276417.0	276417.0	276417.0	276417.0	276417.0	276417.0	276417.0	276417.0	276417.0	276417.0	276417.0	276417.0	276417.0
30589	117234	49131	1	15	0	0	[117000]	0.0	1	1	0.0	0.0	36004.23	0.0	0.0	0.0	0.0	0.0	0.0	0.0	0.0	0.0	0.0	0.0	0.0	0.0	0.0	0.0	0.0	0.0	0.0	0.0	0.0	0.0	0.0	0.0	0.0	0.0	0.0	0.0	0.0	0.0	0.0	0.0	0.0	0.0	0.0	0.0	0.0	0.0	0.0	0.0	0.0	0.0	0.0	0.0	0.0	0.0	0.0	0.0	0.0	0.0	0.0	0.0	0.0	0.0	0.0	0.0	0.0	0.0	0.0	0.0	0.0
30479	43713	5589	1	7	1	20	[117000]	1.41498099655	8	2	1575198.0	279460.98	1155.33	0.0	56718.0	171423.0	171423.0	171423.0	200322.0	200322.0	200322.0	200322.0	200322.0	200322.0	200322.0	200322.0	200322.0	200322.0	200322.0	200322.0	200322.0	200322.0	200322.0	1457964.0	1457964.0	1457964.0	1457964.0	1457964.0	1457964.0	1457964.0	1457964.0	1457964.0	1457964.0	1457964.0	1575198.0	1575198.0	1575198.0	1575198.0	1575198.0	1575198.0	1575198.0	1575198.0	1575198.0	1575198.0	1575198.0	1575198.0	1575198.0	1575198.0	1575198.0	1575198.0	1575198.0	1575198.0	1575198.0	1575198.0	1575198.0	1575198.0	1575198.0	1575198.0	1575198.0	1575198.0	1575198.0	1575198.0	1575198.0
30082	20178	3474	1	5	0	0	[117000]	0.0	1	1	0.0	0.0	565.92	0.0	0.0	0.0	0.0	0.0	0.0	0.0	0.0	0.0	0.0	0.0	0.0	0.0	0.0	0.0	0.0	0.0	0.0	0.0	0.0	0.0	0.0	0.0	0.0	0.0	0.0	0.0	0.0	0.0	0.0	0.0	0.0	0.0	0.0	0.0	0.0	0.0	0.0	0.0	0.0	0.0	0.0	0.0	0.0	0.0	0.0	0.0	0.0	0.0	0.0	0.0	0.0	0.0	0.0	0.0	0.0	0.0	0.0	0.0	0.0
117124	30888	1620	1	2	1	2	[117000]	0.245352999465	1	1	403344.0	44435.43	127.62	0.0	0.0	0.0	0.0	0.0	0.0	0.0	0.0	0.0	0.0	0.0	0.0	403344.0	403344.0	403344.0	403344.0	403344.0	403344.0	403344.0	403344.0	403344.0	403344.0	403344.0	403344.0	403344.0	403344.0	403344.0	403344.0	403344.0	403344.0	403344.0	403344.0	403344.0	403344.0	403344.0	403344.0	403344.0	403344.0	403344.0	403344.0	403344.0	403344.0	403344.0	403344.0	403344.0	403344.0	403344.0	403344.0	403344.0	403344.0	403344.0	403344.0	403344.0	403344.0	403344.0	403344.0	403344.0	403344.0	403344.0	403344.0
30090	238446	44109	1	8	1	1	[117000]	0.0320621000237	1	1	37971.0	1217.43	14781.33	0.0	0.0	0.0	0.0	37971.0	37971.0	37971.0	37971.0	37971.0	37971.0	37971.0	37971.0	37971.0	37971.0	37971.0	37971.0	37971.0	37971.0	37971.0	37971.0	37971.0	37971.0	37971.0	37971.0	37971.0	37971.0	37971.0	37971.0	37971.0	37971.0	37971.0	37971.0	37971.0	37971.0	37971.0	37971.0	37971.0	37971.0	37971.0	37971.0	37971.0	37971.0	37971.0	37971.0	37971.0	37971.0	37971.0	37971.0	37971.0	37971.0	37971.0	37971.0	37971.0	37971.0	37971.0	37971.0	37971.0	37971.0	37971.0	37971.0
30092	84105	17289	1	5	0	0	[117000]	0.0	1	1	0.0	0.0	3444.03	0.0	0.0	0.0	0.0	0.0	0.0	0.0	0.0	0.0	0.0	0.0	0.0	0.0	0.0	0.0	0.0	0.0	0.0	0.0	0.0	0.0	0.0	0.0	0.0	0.0	0.0	0.0	0.0	0.0	0.0	0.0	0.0	0.0	0.0	0.0	0.0	0.0	0.0	0.0	0.0	0.0	0.0	0.0	0.0	0.0	0.0	0.0	0.0	0.0	0.0	0.0	0.0	0.0	0.0	0.0	0.0	0.0	0.0	0.0	0.0
30530	11484	1791	1	9	0	0	[117000]	0.0	1	1	0.0	0.0	217.89	0.0	0.0	0.0	0.0	0.0	0.0	0.0	0.0	0.0	0.0	0.0	0.0	0.0	0.0	0.0	0.0	0.0	0.0	0.0	0.0	0.0	0.0	0.0	0.0	0.0	0.0	0.0	0.0	0.0	0.0	0.0	0.0	0.0	0.0	0.0	0.0	0.0	0.0	0.0	0.0	0.0	0.0	0.0	0.0	0.0	0.0	0.0	0.0	0.0	0.0	0.0	0.0	0.0	0.0	0.0	0.0	0.0	0.0	0.0	0.0
116031	34785	7614	1	4	0	0	[117000]	0.0	1	1	0.0	0.0	1641.15	0.0	0.0	0.0	0.0	0.0	0.0	0.0	0.0	0.0	0.0	0.0	0.0	0.0	0.0	0.0	0.0	0.0	0.0	0.0	0.0	0.0	0.0	0.0	0.0	0.0	0.0	0.0	0.0	0.0	0.0	0.0	0.0	0.0	0.0	0.0	0.0	0.0	0.0	0.0	0.0	0.0	0.0	0.0	0.0	0.0	0.0	0.0	0.0	0.0	0.0	0.0	0.0	0.0	0.0	0.0	0.0	0.0	0.0	0.0	0.0
30099	122265	11736	1	4	3	4	[117000]	0.12508552851	3	2	92907.0	2573.19	538.11	0.0	0.0	62694.0	71271.0	71271.0	71271.0	71271.0	92907.0	92907.0	92907.0	92907.0	92907.0	92907.0	92907.0	92907.0	92907.0	92907.0	92907.0	92907.0	92907.0	92907.0	92907.0	92907.0	92907.0	92907.0	92907.0	92907.0	92907.0	92907.0	92907.0	92907.0	92907.0	92907.0	92907.0	92907.0	92907.0	92907.0	92907.0	92907.0	92907.0	92907.0	92907.0	92907.0	92907.0	92907.0	92907.0	92907.0	92907.0	92907.0	92907.0	92907.0	92907.0	92907.0	92907.0	92907.0	92907.0	92907.0	92907.0	92907.0	92907.0
30100	52119	5400	1	5	1	1	[117000]	0.00574905354246	1	1	33282.0	191.34	437.94	0.0	33282.0	33282.0	33282.0	33282.0	33282.0	33282.0	33282.0	33282.0	33282.0	33282.0	33282.0	33282.0	33282.0	33282.0	33282.0	33282.0	33282.0	33282.0	33282.0	33282.0	33282.0	33282.0	33282.0	33282.0	33282.0	33282.0	33282.0	33282.0	33282.0	33282.0	33282.0	33282.0	33282.0	33282.0	33282.0	33282.0	33282.0	33282.0	33282.0	33282.0	33282.0	33282.0	33282.0	33282.0	33282.0	33282.0	33282.0	33282.0	33282.0	33282.0	33282.0	33282.0	33282.0	33282.0	33282.0	33282.0	33282.0	33282.0	33282.0
30105	16560	3357	1	6	1	2	[117000]	0.141128021947	1	1	189711.0	20694.42	196.92	0.0	0.0	0.0	0.0	0.0	0.0	0.0	0.0	0.0	0.0	0.0	189711.0	189711.0	189711.0	189711.0	189711.0	189711.0	189711.0	189711.0	189711.0	189711.0	189711.0	189711.0	189711.0	189711.0	189711.0	189711.0	189711.0	189711.0	189711.0	189711.0	189711.0	189711.0	189711.0	189711.0	189711.0	189711.0	189711.0	189711.0	189711.0	189711.0	189711.0	189711.0	189711.0	189711.0	189711.0	189711.0	189711.0	189711.0	189711.0	189711.0	189711.0	189711.0	189711.0	189711.0	189711.0	189711.0	189711.0	189711.0	189711.0
30106	37971	6561	1	9	0	0	[117000]	0.0	1	1	0.0	0.0	1217.43	0.0	0.0	0.0	0.0	0.0	0.0	0.0	0.0	0.0	0.0	0.0	0.0	0.0	0.0	0.0	0.0	0.0	0.0	0.0	0.0	0.0	0.0	0.0	0.0	0.0	0.0	0.0	0.0	0.0	0.0	0.0	0.0	0.0	0.0	0.0	0.0	0.0	0.0	0.0	0.0	0.0	0.0	0.0	0.0	0.0	0.0	0.0	0.0	0.0	0.0	0.0	0.0	0.0	0.0	0.0	0.0	0.0	0.0	0.0	0.0
30109	20718	4914	1	7	0	0	[117000]	0.0	1	1	0.0	0.0	902.88	0.0	0.0	0.0	0.0	0.0	0.0	0.0	0.0	0.0	0.0	0.0	0.0	0.0	0.0	0.0	0.0	0.0	0.0	0.0	0.0	0.0	0.0	0.0	0.0	0.0	0.0	0.0	0.0	0.0	0.0	0.0	0.0	0.0	0.0	0.0	0.0	0.0	0.0	0.0	0.0	0.0	0.0	0.0	0.0	0.0	0.0	0.0	0.0	0.0	0.0	0.0	0.0	0.0	0.0	0.0	0.0	0.0	0.0	0.0	0.0
30119	210906	23481	1	5	4	42	[117000]	2.58321765621	26	2	6046524.0	866783.7	1072.26	0.0	0.0	16560.0	16560.0	16560.0	16560.0	40536.0	40536.0	40536.0	40536.0	58680.0	248391.0	248391.0	248391.0	248391.0	6046524.0	6046524.0	6046524.0	6046524.0	6046524.0	6046524.0	6046524.0	6046524.0	6046524.0	6046524.0	6046524.0	6046524.0	6046524.0	6046524.0	6046524.0	6046524.0	6046524.0	6046524.0	6046524.0	6046524.0	6046524.0	6046524.0	6046524.0	6046524.0	6046524.0	6046524.0	6046524.0	6046524.0	6046524.0	6046524.0	6046524.0	6046524.0	6046524.0	6046524.0	6046524.0	6046524.0	6046524.0	6046524.0	6046524.0	6046524.0	6046524.0	6046524.0	6046524.0	6046524.0	6046524.0
30120	26487	3807	1	5	0	0	[117000]	0.0	1	1	0.0	0.0	447.12	0.0	0.0	0.0	0.0	0.0	0.0	0.0	0.0	0.0	0.0	0.0	0.0	0.0	0.0	0.0	0.0	0.0	0.0	0.0	0.0	0.0	0.0	0.0	0.0	0.0	0.0	0.0	0.0	0.0	0.0	0.0	0.0	0.0	0.0	0.0	0.0	0.0	0.0	0.0	0.0	0.0	0.0	0.0	0.0	0.0	0.0	0.0	0.0	0.0	0.0	0.0	0.0	0.0	0.0	0.0	0.0	0.0	0.0	0.0	0.0
30121	33282	2133	1	6	0	0	[117000]	0.0	1	1	0.0	0.0	191.34	0.0	0.0	0.0	0.0	0.0	0.0	0.0	0.0	0.0	0.0	0.0	0.0	0.0	0.0	0.0	0.0	0.0	0.0	0.0	0.0	0.0	0.0	0.0	0.0	0.0	0.0	0.0	0.0	0.0	0.0	0.0	0.0	0.0	0.0	0.0	0.0	0.0	0.0	0.0	0.0	0.0	0.0	0.0	0.0	0.0	0.0	0.0	0.0	0.0	0.0	0.0	0.0	0.0	0.0	0.0	0.0	0.0	0.0	0.0	0.0
30124	23976	6048	1	6	0	0	[117000]	0.0	1	1	0.0	0.0	1238.76	0.0	0.0	0.0	0.0	0.0	0.0	0.0	0.0	0.0	0.0	0.0	0.0	0.0	0.0	0.0	0.0	0.0	0.0	0.0	0.0	0.0	0.0	0.0	0.0	0.0	0.0	0.0	0.0	0.0	0.0	0.0	0.0	0.0	0.0	0.0	0.0	0.0	0.0	0.0	0.0	0.0	0.0	0.0	0.0	0.0	0.0	0.0	0.0	0.0	0.0	0.0	0.0	0.0	0.0	0.0	0.0	0.0	0.0	0.0	0.0
30127	21636	5994	1	5	0	0	[117000]	0.0	1	1	0.0	0.0	1496.79	0.0	0.0	0.0	0.0	0.0	0.0	0.0	0.0	0.0	0.0	0.0	0.0	0.0	0.0	0.0	0.0	0.0	0.0	0.0	0.0	0.0	0.0	0.0	0.0	0.0	0.0	0.0	0.0	0.0	0.0	0.0	0.0	0.0	0.0	0.0	0.0	0.0	0.0	0.0	0.0	0.0	0.0	0.0	0.0	0.0	0.0	0.0	0.0	0.0	0.0	0.0	0.0	0.0	0.0	0.0	0.0	0.0	0.0	0.0	0.0
30128	36207	6201	1	5	1	1	[117000]	0.0283630640084	1	1	8577.0	243.27	386.01	0.0	0.0	0.0	8577.0	8577.0	8577.0	8577.0	8577.0	8577.0	8577.0	8577.0	8577.0	8577.0	8577.0	8577.0	8577.0	8577.0	8577.0	8577.0	8577.0	8577.0	8577.0	8577.0	8577.0	8577.0	8577.0	8577.0	8577.0	8577.0	8577.0	8577.0	8577.0	8577.0	8577.0	8577.0	8577.0	8577.0	8577.0	8577.0	8577.0	8577.0	8577.0	8577.0	8577.0	8577.0	8577.0	8577.0	8577.0	8577.0	8577.0	8577.0	8577.0	8577.0	8577.0	8577.0	8577.0	8577.0	8577.0	8577.0	8577.0
30129	24264	7659	1	5	1	1	[117000]	0.106601239669	1	1	26136.0	2786.13	1988.1	0.0	0.0	0.0	0.0	0.0	0.0	0.0	0.0	0.0	0.0	0.0	26136.0	26136.0	26136.0	26136.0	26136.0	26136.0	26136.0	26136.0	26136.0	26136.0	26136.0	26136.0	26136.0	26136.0	26136.0	26136.0	26136.0	26136.0	26136.0	26136.0	26136.0	26136.0	26136.0	26136.0	26136.0	26136.0	26136.0	26136.0	26136.0	26136.0	26136.0	26136.0	26136.0	26136.0	26136.0	26136.0	26136.0	26136.0	26136.0	26136.0	26136.0	26136.0	26136.0	26136.0	26136.0	26136.0	26136.0	26136.0	26136.0
30131	26136	8037	1	6	0	0	[117000]	0.0	1	1	0.0	0.0	2786.13	0.0	0.0	0.0	0.0	0.0	0.0	0.0	0.0	0.0	0.0	0.0	0.0	0.0	0.0	0.0	0.0	0.0	0.0	0.0	0.0	0.0	0.0	0.0	0.0	0.0	0.0	0.0	0.0	0.0	0.0	0.0	0.0	0.0	0.0	0.0	0.0	0.0	0.0	0.0	0.0	0.0	0.0	0.0	0.0	0.0	0.0	0.0	0.0	0.0	0.0	0.0	0.0	0.0	0.0	0.0	0.0	0.0	0.0	0.0	0.0
30133	10314	792	1	7	0	0	[117000]	0.0	1	1	0.0	0.0	61.2	0.0	0.0	0.0	0.0	0.0	0.0	0.0	0.0	0.0	0.0	0.0	0.0	0.0	0.0	0.0	0.0	0.0	0.0	0.0	0.0	0.0	0.0	0.0	0.0	0.0	0.0	0.0	0.0	0.0	0.0	0.0	0.0	0.0	0.0	0.0	0.0	0.0	0.0	0.0	0.0	0.0	0.0	0.0	0.0	0.0	0.0	0.0	0.0	0.0	0.0	0.0	0.0	0.0	0.0	0.0	0.0	0.0	0.0	0.0	0.0
30136	10872	2916	1	9	0	0	[117000]	0.0	1	1	0.0	0.0	379.53	0.0	0.0	0.0	0.0	0.0	0.0	0.0	0.0	0.0	0.0	0.0	0.0	0.0	0.0	0.0	0.0	0.0	0.0	0.0	0.0	0.0	0.0	0.0	0.0	0.0	0.0	0.0	0.0	0.0	0.0	0.0	0.0	0.0	0.0	0.0	0.0	0.0	0.0	0.0	0.0	0.0	0.0	0.0	0.0	0.0	0.0	0.0	0.0	0.0	0.0	0.0	0.0	0.0	0.0	0.0	0.0	0.0	0.0	0.0	0.0
30137	22167	4239	1	8	0	0	[117000]	0.0	1	1	0.0	0.0	788.58	0.0	0.0	0.0	0.0	0.0	0.0	0.0	0.0	0.0	0.0	0.0	0.0	0.0	0.0	0.0	0.0	0.0	0.0	0.0	0.0	0.0	0.0	0.0	0.0	0.0	0.0	0.0	0.0	0.0	0.0	0.0	0.0	0.0	0.0	0.0	0.0	0.0	0.0	0.0	0.0	0.0	0.0	0.0	0.0	0.0	0.0	0.0	0.0	0.0	0.0	0.0	0.0	0.0	0.0	0.0	0.0	0.0	0.0	0.0	0.0
30138	7164	2034	1	8	1	1	[117000]	0.0349089403974	1	1	10872.0	379.53	213.75	0.0	0.0	0.0	0.0	10872.0	10872.0	10872.0	10872.0	10872.0	10872.0	10872.0	10872.0	10872.0	10872.0	10872.0	10872.0	10872.0	10872.0	10872.0	10872.0	10872.0	10872.0	10872.0	10872.0	10872.0	10872.0	10872.0	10872.0	10872.0	10872.0	10872.0	10872.0	10872.0	10872.0	10872.0	10872.0	10872.0	10872.0	10872.0	10872.0	10872.0	10872.0	10872.0	10872.0	10872.0	10872.0	10872.0	10872.0	10872.0	10872.0	10872.0	10872.0	10872.0	10872.0	10872.0	10872.0	10872.0	10872.0	10872.0	10872.0
30139	88776	21501	1	9	1	1	[117000]	0.0457586837294	1	1	14769.0	675.81	7487.82	0.0	0.0	0.0	0.0	0.0	14769.0	14769.0	14769.0	14769.0	14769.0	14769.0	14769.0	14769.0	14769.0	14769.0	14769.0	14769.0	14769.0	14769.0	14769.0	14769.0	14769.0	14769.0	14769.0	14769.0	14769.0	14769.0	14769.0	14769.0	14769.0	14769.0	14769.0	14769.0	14769.0	14769.0	14769.0	14769.0	14769.0	14769.0	14769.0	14769.0	14769.0	14769.0	14769.0	14769.0	14769.0	14769.0	14769.0	14769.0	14769.0	14769.0	14769.0	14769.0	14769.0	14769.0	14769.0	14769.0	14769.0	14769.0	14769.0
30140	9855	1719	1	8	0	0	[117000]	0.0	1	1	0.0	0.0	249.48	0.0	0.0	0.0	0.0	0.0	0.0	0.0	0.0	0.0	0.0	0.0	0.0	0.0	0.0	0.0	0.0	0.0	0.0	0.0	0.0	0.0	0.0	0.0	0.0	0.0	0.0	0.0	0.0	0.0	0.0	0.0	0.0	0.0	0.0	0.0	0.0	0.0	0.0	0.0	0.0	0.0	0.0	0.0	0.0	0.0	0.0	0.0	0.0	0.0	0.0	0.0	0.0	0.0	0.0	0.0	0.0	0.0	0.0	0.0	0.0
30143	18144	6399	1	6	0	0	[117000]	0.0	1	1	0.0	0.0	1721.07	0.0	0.0	0.0	0.0	0.0	0.0	0.0	0.0	0.0	0.0	0.0	0.0	0.0	0.0	0.0	0.0	0.0	0.0	0.0	0.0	0.0	0.0	0.0	0.0	0.0	0.0	0.0	0.0	0.0	0.0	0.0	0.0	0.0	0.0	0.0	0.0	0.0	0.0	0.0	0.0	0.0	0.0	0.0	0.0	0.0	0.0	0.0	0.0	0.0	0.0	0.0	0.0	0.0	0.0	0.0	0.0	0.0	0.0	0.0	0.0
30145	8577	2907	2	11	0	0	[117000]	0.0	1	1	0.0	0.0	243.27	0.0	0.0	0.0	0.0	0.0	0.0	0.0	0.0	0.0	0.0	0.0	0.0	0.0	0.0	0.0	0.0	0.0	0.0	0.0	0.0	0.0	0.0	0.0	0.0	0.0	0.0	0.0	0.0	0.0	0.0	0.0	0.0	0.0	0.0	0.0	0.0	0.0	0.0	0.0	0.0	0.0	0.0	0.0	0.0	0.0	0.0	0.0	0.0	0.0	0.0	0.0	0.0	0.0	0.0	0.0	0.0	0.0	0.0	0.0	0.0
30146	14769	3411	1	10	0	0	[117000]	0.0	1	1	0.0	0.0	675.81	0.0	0.0	0.0	0.0	0.0	0.0	0.0	0.0	0.0	0.0	0.0	0.0	0.0	0.0	0.0	0.0	0.0	0.0	0.0	0.0	0.0	0.0	0.0	0.0	0.0	0.0	0.0	0.0	0.0	0.0	0.0	0.0	0.0	0.0	0.0	0.0	0.0	0.0	0.0	0.0	0.0	0.0	0.0	0.0	0.0	0.0	0.0	0.0	0.0	0.0	0.0	0.0	0.0	0.0	0.0	0.0	0.0	0.0	0.0	0.0
116679	10620	2070	1	4	0	0	[117000]	0.0	1	1	0.0	0.0	241.47	0.0	0.0	0.0	0.0	0.0	0.0	0.0	0.0	0.0	0.0	0.0	0.0	0.0	0.0	0.0	0.0	0.0	0.0	0.0	0.0	0.0	0.0	0.0	0.0	0.0	0.0	0.0	0.0	0.0	0.0	0.0	0.0	0.0	0.0	0.0	0.0	0.0	0.0	0.0	0.0	0.0	0.0	0.0	0.0	0.0	0.0	0.0	0.0	0.0	0.0	0.0	0.0	0.0	0.0	0.0	0.0	0.0	0.0	0.0	0.0
30154	30600	3753	1	8	0	0	[117000]	0.0	1	1	0.0	0.0	419.22	0.0	0.0	0.0	0.0	0.0	0.0	0.0	0.0	0.0	0.0	0.0	0.0	0.0	0.0	0.0	0.0	0.0	0.0	0.0	0.0	0.0	0.0	0.0	0.0	0.0	0.0	0.0	0.0	0.0	0.0	0.0	0.0	0.0	0.0	0.0	0.0	0.0	0.0	0.0	0.0	0.0	0.0	0.0	0.0	0.0	0.0	0.0	0.0	0.0	0.0	0.0	0.0	0.0	0.0	0.0	0.0	0.0	0.0	0.0	0.0
30155	22923	7920	1	10	0	0	[117000]	0.0	1	1	0.0	0.0	1577.61	0.0	0.0	0.0	0.0	0.0	0.0	0.0	0.0	0.0	0.0	0.0	0.0	0.0	0.0	0.0	0.0	0.0	0.0	0.0	0.0	0.0	0.0	0.0	0.0	0.0	0.0	0.0	0.0	0.0	0.0	0.0	0.0	0.0	0.0	0.0	0.0	0.0	0.0	0.0	0.0	0.0	0.0	0.0	0.0	0.0	0.0	0.0	0.0	0.0	0.0	0.0	0.0	0.0	0.0	0.0	0.0	0.0	0.0	0.0	0.0
30156	185463	61047	1	7	2	9	[117000]	0.591427003962	6	2	503307.0	49115.34	29210.13	0.0	0.0	0.0	0.0	22167.0	22167.0	160731.0	160731.0	264276.0	264276.0	264276.0	264276.0	264276.0	264276.0	503307.0	503307.0	503307.0	503307.0	503307.0	503307.0	503307.0	503307.0	503307.0	503307.0	503307.0	503307.0	503307.0	503307.0	503307.0	503307.0	503307.0	503307.0	503307.0	503307.0	503307.0	503307.0	503307.0	503307.0	503307.0	503307.0	503307.0	503307.0	503307.0	503307.0	503307.0	503307.0	503307.0	503307.0	503307.0	503307.0	503307.0	503307.0	503307.0	503307.0	503307.0	503307.0	503307.0	503307.0	503307.0	503307.0
30157	159111	56475	1	7	1	1	[117000]	0.0137	1	1	30600.0	419.22	20275.2	0.0	0.0	30600.0	30600.0	30600.0	30600.0	30600.0	30600.0	30600.0	30600.0	30600.0	30600.0	30600.0	30600.0	30600.0	30600.0	30600.0	30600.0	30600.0	30600.0	30600.0	30600.0	30600.0	30600.0	30600.0	30600.0	30600.0	30600.0	30600.0	30600.0	30600.0	30600.0	30600.0	30600.0	30600.0	30600.0	30600.0	30600.0	30600.0	30600.0	30600.0	30600.0	30600.0	30600.0	30600.0	30600.0	30600.0	30600.0	30600.0	30600.0	30600.0	30600.0	30600.0	30600.0	30600.0	30600.0	30600.0	30600.0	30600.0	30600.0
30158	35703	9162	1	7	1	1	[117000]	0.0283630640084	1	1	8577.0	243.27	1823.76	0.0	0.0	0.0	8577.0	8577.0	8577.0	8577.0	8577.0	8577.0	8577.0	8577.0	8577.0	8577.0	8577.0	8577.0	8577.0	8577.0	8577.0	8577.0	8577.0	8577.0	8577.0	8577.0	8577.0	8577.0	8577.0	8577.0	8577.0	8577.0	8577.0	8577.0	8577.0	8577.0	8577.0	8577.0	8577.0	8577.0	8577.0	8577.0	8577.0	8577.0	8577.0	8577.0	8577.0	8577.0	8577.0	8577.0	8577.0	8577.0	8577.0	8577.0	8577.0	8577.0	8577.0	8577.0	8577.0	8577.0	8577.0	8577.0	8577.0
30159	17289	5571	1	9	1	1	[117000]	0.0688221436985	1	1	22923.0	1577.61	979.02	0.0	0.0	0.0	0.0	0.0	0.0	0.0	22923.0	22923.0	22923.0	22923.0	22923.0	22923.0	22923.0	22923.0	22923.0	22923.0	22923.0	22923.0	22923.0	22923.0	22923.0	22923.0	22923.0	22923.0	22923.0	22923.0	22923.0	22923.0	22923.0	22923.0	22923.0	22923.0	22923.0	22923.0	22923.0	22923.0	22923.0	22923.0	22923.0	22923.0	22923.0	22923.0	22923.0	22923.0	22923.0	22923.0	22923.0	22923.0	22923.0	22923.0	22923.0	22923.0	22923.0	22923.0	22923.0	22923.0	22923.0	22923.0	22923.0
30160	19161	3375	1	10	0	0	[117000]	0.0	1	1	0.0	0.0	582.84	0.0	0.0	0.0	0.0	0.0	0.0	0.0	0.0	0.0	0.0	0.0	0.0	0.0	0.0	0.0	0.0	0.0	0.0	0.0	0.0	0.0	0.0	0.0	0.0	0.0	0.0	0.0	0.0	0.0	0.0	0.0	0.0	0.0	0.0	0.0	0.0	0.0	0.0	0.0	0.0	0.0	0.0	0.0	0.0	0.0	0.0	0.0	0.0	0.0	0.0	0.0	0.0	0.0	0.0	0.0	0.0	0.0	0.0	0.0	0.0
30163	48573	4995	1	8	0	0	[117000]	0.0	1	1	0.0	0.0	480.24	0.0	0.0	0.0	0.0	0.0	0.0	0.0	0.0	0.0	0.0	0.0	0.0	0.0	0.0	0.0	0.0	0.0	0.0	0.0	0.0	0.0	0.0	0.0	0.0	0.0	0.0	0.0	0.0	0.0	0.0	0.0	0.0	0.0	0.0	0.0	0.0	0.0	0.0	0.0	0.0	0.0	0.0	0.0	0.0	0.0	0.0	0.0	0.0	0.0	0.0	0.0	0.0	0.0	0.0	0.0	0.0	0.0	0.0	0.0	0.0
30169	138564	34137	1	8	2	7	[117000]	0.497925767106	5	2	342576.0	40300.2	8026.56	0.0	0.0	0.0	0.0	0.0	0.0	0.0	0.0	103545.0	103545.0	103545.0	103545.0	103545.0	103545.0	342576.0	342576.0	342576.0	342576.0	342576.0	342576.0	342576.0	342576.0	342576.0	342576.0	342576.0	342576.0	342576.0	342576.0	342576.0	342576.0	342576.0	342576.0	342576.0	342576.0	342576.0	342576.0	342576.0	342576.0	342576.0	342576.0	342576.0	342576.0	342576.0	342576.0	342576.0	342576.0	342576.0	342576.0	342576.0	342576.0	342576.0	342576.0	342576.0	342576.0	342576.0	342576.0	342576.0	342576.0	342576.0	342576.0
30171	26793	8496	1	10	0	0	[117000]	0.0	1	1	0.0	0.0	3176.46	0.0	0.0	0.0	0.0	0.0	0.0	0.0	0.0	0.0	0.0	0.0	0.0	0.0	0.0	0.0	0.0	0.0	0.0	0.0	0.0	0.0	0.0	0.0	0.0	0.0	0.0	0.0	0.0	0.0	0.0	0.0	0.0	0.0	0.0	0.0	0.0	0.0	0.0	0.0	0.0	0.0	0.0	0.0	0.0	0.0	0.0	0.0	0.0	0.0	0.0	0.0	0.0	0.0	0.0	0.0	0.0	0.0	0.0	0.0	0.0
30174	27972	3564	1	4	0	0	[117000]	0.0	1	1	0.0	0.0	400.86	0.0	0.0	0.0	0.0	0.0	0.0	0.0	0.0	0.0	0.0	0.0	0.0	0.0	0.0	0.0	0.0	0.0	0.0	0.0	0.0	0.0	0.0	0.0	0.0	0.0	0.0	0.0	0.0	0.0	0.0	0.0	0.0	0.0	0.0	0.0	0.0	0.0	0.0	0.0	0.0	0.0	0.0	0.0	0.0	0.0	0.0	0.0	0.0	0.0	0.0	0.0	0.0	0.0	0.0	0.0	0.0	0.0	0.0	0.0	0.0
30176	79101	27864	1	8	1	2	[117000]	0.125448900596	1	1	40212.0	2556.63	6713.73	0.0	0.0	0.0	0.0	0.0	0.0	17289.0	40212.0	40212.0	40212.0	40212.0	40212.0	40212.0	40212.0	40212.0	40212.0	40212.0	40212.0	40212.0	40212.0	40212.0	40212.0	40212.0	40212.0	40212.0	40212.0	40212.0	40212.0	40212.0	40212.0	40212.0	40212.0	40212.0	40212.0	40212.0	40212.0	40212.0	40212.0	40212.0	40212.0	40212.0	40212.0	40212.0	40212.0	40212.0	40212.0	40212.0	40212.0	40212.0	40212.0	40212.0	40212.0	40212.0	40212.0	40212.0	40212.0	40212.0	40212.0	40212.0	40212.0
30544	79137	4221	1	14	2	3	[117000]	0.0456625796679	2	2	168750.0	3797.64	377.73	0.0	16722.0	34398.0	168750.0	168750.0	168750.0	168750.0	168750.0	168750.0	168750.0	168750.0	168750.0	168750.0	168750.0	168750.0	168750.0	168750.0	168750.0	168750.0	168750.0	168750.0	168750.0	168750.0	168750.0	168750.0	168750.0	168750.0	168750.0	168750.0	168750.0	168750.0	168750.0	168750.0	168750.0	168750.0	168750.0	168750.0	168750.0	168750.0	168750.0	168750.0	168750.0	168750.0	168750.0	168750.0	168750.0	168750.0	168750.0	168750.0	168750.0	168750.0	168750.0	168750.0	168750.0	168750.0	168750.0	168750.0	168750.0	168750.0	168750.0
30181	35145	7974	1	7	2	4	[117000]	0.220211287288	2	2	167886.0	9750.6	1073.43	0.0	48573.0	48573.0	48573.0	48573.0	48573.0	48573.0	48573.0	167886.0	167886.0	167886.0	167886.0	167886.0	167886.0	167886.0	167886.0	167886.0	167886.0	167886.0	167886.0	167886.0	167886.0	167886.0	167886.0	167886.0	167886.0	167886.0	167886.0	167886.0	167886.0	167886.0	167886.0	167886.0	167886.0	167886.0	167886.0	167886.0	167886.0	167886.0	167886.0	167886.0	167886.0	167886.0	167886.0	167886.0	167886.0	167886.0	167886.0	167886.0	167886.0	167886.0	167886.0	167886.0	167886.0	167886.0	167886.0	167886.0	167886.0	167886.0	167886.0
166908	1795113	707220	1	3	14	78	[117000]	3.86244829168	52	2	8672112.0	933148.08	263214.18	0.0	1171206.0	1466208.0	1994139.0	1997298.0	2116188.0	2317968.0	2469510.0	2483262.0	2618541.0	2636685.0	2852532.0	2852532.0	2852532.0	2852532.0	8650665.0	8672112.0	8672112.0	8672112.0	8672112.0	8672112.0	8672112.0	8672112.0	8672112.0	8672112.0	8672112.0	8672112.0	8672112.0	8672112.0	8672112.0	8672112.0	8672112.0	8672112.0	8672112.0	8672112.0	8672112.0	8672112.0	8672112.0	8672112.0	8672112.0	8672112.0	8672112.0	8672112.0	8672112.0	8672112.0	8672112.0	8672112.0	8672112.0	8672112.0	8672112.0	8672112.0	8672112.0	8672112.0	8672112.0	8672112.0	8672112.0	8672112.0	8672112.0	8672112.0	8672112.0
30187	64557	24885	1	8	0	0	[117000]	0.0	1	1	0.0	0.0	6961.86	0.0	0.0	0.0	0.0	0.0	0.0	0.0	0.0	0.0	0.0	0.0	0.0	0.0	0.0	0.0	0.0	0.0	0.0	0.0	0.0	0.0	0.0	0.0	0.0	0.0	0.0	0.0	0.0	0.0	0.0	0.0	0.0	0.0	0.0	0.0	0.0	0.0	0.0	0.0	0.0	0.0	0.0	0.0	0.0	0.0	0.0	0.0	0.0	0.0	0.0	0.0	0.0	0.0	0.0	0.0	0.0	0.0	0.0	0.0	0.0
30188	148680	57177	1	9	4	4	[117000]	0.184294750399	4	2	90351.0	4849.74	27286.83	0.0	8973.0	8973.0	44397.0	63558.0	63558.0	63558.0	63558.0	63558.0	63558.0	63558.0	63558.0	90351.0	90351.0	90351.0	90351.0	90351.0	90351.0	90351.0	90351.0	90351.0	90351.0	90351.0	90351.0	90351.0	90351.0	90351.0	90351.0	90351.0	90351.0	90351.0	90351.0	90351.0	90351.0	90351.0	90351.0	90351.0	90351.0	90351.0	90351.0	90351.0	90351.0	90351.0	90351.0	90351.0	90351.0	90351.0	90351.0	90351.0	90351.0	90351.0	90351.0	90351.0	90351.0	90351.0	90351.0	90351.0	90351.0	90351.0	90351.0
30189	35424	5913	1	10	0	0	[117000]	0.0	1	1	0.0	0.0	1035.9	0.0	0.0	0.0	0.0	0.0	0.0	0.0	0.0	0.0	0.0	0.0	0.0	0.0	0.0	0.0	0.0	0.0	0.0	0.0	0.0	0.0	0.0	0.0	0.0	0.0	0.0	0.0	0.0	0.0	0.0	0.0	0.0	0.0	0.0	0.0	0.0	0.0	0.0	0.0	0.0	0.0	0.0	0.0	0.0	0.0	0.0	0.0	0.0	0.0	0.0	0.0	0.0	0.0	0.0	0.0	0.0	0.0	0.0	0.0	0.0
30190	95139	3771	1	6	0	0	[117000]	0.0	1	1	0.0	0.0	520.47	0.0	0.0	0.0	0.0	0.0	0.0	0.0	0.0	0.0	0.0	0.0	0.0	0.0	0.0	0.0	0.0	0.0	0.0	0.0	0.0	0.0	0.0	0.0	0.0	0.0	0.0	0.0	0.0	0.0	0.0	0.0	0.0	0.0	0.0	0.0	0.0	0.0	0.0	0.0	0.0	0.0	0.0	0.0	0.0	0.0	0.0	0.0	0.0	0.0	0.0	0.0	0.0	0.0	0.0	0.0	0.0	0.0	0.0	0.0	0.0
116721	3159	1071	1	4	0	0	[117000]	0.0	1	1	0.0	0.0	112.59	0.0	0.0	0.0	0.0	0.0	0.0	0.0	0.0	0.0	0.0	0.0	0.0	0.0	0.0	0.0	0.0	0.0	0.0	0.0	0.0	0.0	0.0	0.0	0.0	0.0	0.0	0.0	0.0	0.0	0.0	0.0	0.0	0.0	0.0	0.0	0.0	0.0	0.0	0.0	0.0	0.0	0.0	0.0	0.0	0.0	0.0	0.0	0.0	0.0	0.0	0.0	0.0	0.0	0.0	0.0	0.0	0.0	0.0	0.0	0.0
30196	72216	32103	1	6	3	11	[117000]	0.517460323044	5	2	611307.0	46403.55	10127.61	0.0	0.0	83718.0	83718.0	83718.0	127998.0	127998.0	127998.0	247311.0	247311.0	611307.0	611307.0	611307.0	611307.0	611307.0	611307.0	611307.0	611307.0	611307.0	611307.0	611307.0	611307.0	611307.0	611307.0	611307.0	611307.0	611307.0	611307.0	611307.0	611307.0	611307.0	611307.0	611307.0	611307.0	611307.0	611307.0	611307.0	611307.0	611307.0	611307.0	611307.0	611307.0	611307.0	611307.0	611307.0	611307.0	611307.0	611307.0	611307.0	611307.0	611307.0	611307.0	611307.0	611307.0	611307.0	611307.0	611307.0	611307.0	611307.0	611307.0
30197	3021228	1163745	1	6	16	36	[117000]	2.09113070948	23	2	2776905.0	261210.78	581721.75	0.0	116523.0	190530.0	202896.0	202896.0	223614.0	223614.0	264168.0	264168.0	638937.0	984555.0	2537874.0	2537874.0	2537874.0	2776905.0	2776905.0	2776905.0	2776905.0	2776905.0	2776905.0	2776905.0	2776905.0	2776905.0	2776905.0	2776905.0	2776905.0	2776905.0	2776905.0	2776905.0	2776905.0	2776905.0	2776905.0	2776905.0	2776905.0	2776905.0	2776905.0	2776905.0	2776905.0	2776905.0	2776905.0	2776905.0	2776905.0	2776905.0	2776905.0	2776905.0	2776905.0	2776905.0	2776905.0	2776905.0	2776905.0	2776905.0	2776905.0	2776905.0	2776905.0	2776905.0	2776905.0	2776905.0	2776905.0	2776905.0	2776905.0
30199	336105	91143	1	7	2	3	[117000]	0.0900606923076	2	2	27891.0	842.76	32669.73	0.0	0.0	0.0	17019.0	27891.0	27891.0	27891.0	27891.0	27891.0	27891.0	27891.0	27891.0	27891.0	27891.0	27891.0	27891.0	27891.0	27891.0	27891.0	27891.0	27891.0	27891.0	27891.0	27891.0	27891.0	27891.0	27891.0	27891.0	27891.0	27891.0	27891.0	27891.0	27891.0	27891.0	27891.0	27891.0	27891.0	27891.0	27891.0	27891.0	27891.0	27891.0	27891.0	27891.0	27891.0	27891.0	27891.0	27891.0	27891.0	27891.0	27891.0	27891.0	27891.0	27891.0	27891.0	27891.0	27891.0	27891.0	27891.0	27891.0
30201	129159	37710	1	7	1	1	[117000]	0.107840513035	1	1	64557.0	6961.86	14028.93	0.0	0.0	0.0	0.0	0.0	0.0	0.0	0.0	0.0	0.0	0.0	64557.0	64557.0	64557.0	64557.0	64557.0	64557.0	64557.0	64557.0	64557.0	64557.0	64557.0	64557.0	64557.0	64557.0	64557.0	64557.0	64557.0	64557.0	64557.0	64557.0	64557.0	64557.0	64557.0	64557.0	64557.0	64557.0	64557.0	64557.0	64557.0	64557.0	64557.0	64557.0	64557.0	64557.0	64557.0	64557.0	64557.0	64557.0	64557.0	64557.0	64557.0	64557.0	64557.0	64557.0	64557.0	64557.0	64557.0	64557.0	64557.0
30203	65763	11232	1	6	0	0	[117000]	0.0	1	1	0.0	0.0	8751.24	0.0	0.0	0.0	0.0	0.0	0.0	0.0	0.0	0.0	0.0	0.0	0.0	0.0	0.0	0.0	0.0	0.0	0.0	0.0	0.0	0.0	0.0	0.0	0.0	0.0	0.0	0.0	0.0	0.0	0.0	0.0	0.0	0.0	0.0	0.0	0.0	0.0	0.0	0.0	0.0	0.0	0.0	0.0	0.0	0.0	0.0	0.0	0.0	0.0	0.0	0.0	0.0	0.0	0.0	0.0	0.0	0.0	0.0	0.0	0.0
30204	8973	801	1	10	0	0	[117000]	0.0	1	1	0.0	0.0	54.54	0.0	0.0	0.0	0.0	0.0	0.0	0.0	0.0	0.0	0.0	0.0	0.0	0.0	0.0	0.0	0.0	0.0	0.0	0.0	0.0	0.0	0.0	0.0	0.0	0.0	0.0	0.0	0.0	0.0	0.0	0.0	0.0	0.0	0.0	0.0	0.0	0.0	0.0	0.0	0.0	0.0	0.0	0.0	0.0	0.0	0.0	0.0	0.0	0.0	0.0	0.0	0.0	0.0	0.0	0.0	0.0	0.0	0.0	0.0	0.0
