	Ar	CasTime	FAr	FQr	Ff	Fr	Fs	Fv	Nf	Nhw	Niso	Nms	Nout	Nr	P	Qr	Qt	RecTime	SolTime	TotTime	Vs
0	0.0	0.0	0.0	0.0	0.00446428571429	0.0	1.0	0.00765175854886	1	0	0	0	0	0	0.001	0.0	25804.818	0.0310001373291	0.00300002098083	0.0350000858307	25804.818
1	0.0	0.000999927520752	0.0	0.0	0.205357142857	0.0	1.0	0.0765175854886	46	0	0	0	0	0	0.01	0.0	258048.18	0.0300002098083	0.00699996948242	0.0380001068115	258048.18
2	0.0	0.0	0.0	0.0	0.419642857143	0.0	1.0	0.153035170977	94	0	0	0	0	0	0.02	0.0	516096.36	0.0309998989105	0.00499987602234	0.0369999408722	516096.36
3	0.0	0.000999927520752	0.0	0.0	0.553571428571	0.0	1.0	0.229552756466	124	0	0	0	0	0	0.03	0.0	774144.54	0.029000043869	0.00400018692017	0.0340001583099	774144.54
4	0.0	0.00100016593933	0.0	0.0	0.642857142857	0.0	1.0	0.306070341955	144	0	0	0	0	0	0.04	0.0	1032192.72	0.0429999828339	0.00399994850159	0.0490000247955	1032192.72
5	610749.0	0.0	0.023668021995	0.000230677852485	0.691964285714	0.0267857142857	0.999769322148	0.382499672882	155	2	0	3	1	6	0.05	297.63	1290240.9	0.0309998989105	0.00600004196167	0.0369999408722	1289943.27
6	610749.0	0.0	0.023668021995	0.00413690187623	0.75	0.0267857142857	0.995863098124	0.457206238474	168	2	0	3	1	6	0.06	6405.12	1548289.08	0.0300002098083	0.00399994850159	0.0340001583099	1541883.96
7	610749.0	0.0	0.023668021995	0.00692706189319	0.78125	0.0267857142857	0.993072938107	0.531912804066	175	2	0	3	1	6	0.07	12512.61	1806337.26	0.0299999713898	0.00399994850159	0.0349998474121	1793824.65
8	11350854.0	0.0019998550415	0.439873437588	0.046901255998	0.825892857143	0.495535714286	0.953098744002	0.583430516986	185	56	0	54	1	111	0.08	96822.27	2064385.44	0.0310001373291	0.00699996948242	0.039999961853	1967563.17
9	11486133.0	0.00100016593933	0.445115830695	0.0908837644195	0.84375	0.504464285714	0.909116235581	0.626070413476	189	57	0	55	1	113	0.09	211071.51	2322433.62	0.0319998264313	0.00499987602234	0.0379998683929	2111362.11
10	12393378.0	0.0	0.480273800032	0.127563701476	0.883928571429	0.558035714286	0.872436298524	0.667567190557	198	62	0	62	1	125	0.1	329175.81	2580481.8	0.0339999198914	0.00400018692017	0.0380001068115	2251305.99
11	14394303.0	0.000999927520752	0.557814552306	0.16158825985	0.924107142857	0.638392857143	0.83841174015	0.705685662018	207	72	0	70	1	143	0.11	458673.12	2838529.98	0.0329999923706	0.00699996948242	0.0420000553131	2379856.86
12	14878962.0	0.0	0.576596277486	0.195902398924	0.9375	0.65625	0.804097601076	0.738331283178	210	74	0	72	1	147	0.12	606627.09	3096578.16	0.0349998474121	0.00300002098083	0.0390000343323	2489951.07
13	15122637.0	0.00200009346008	0.586039281502	0.225525469403	0.941964285714	0.660714285714	0.774474530597	0.770391974348	211	75	0	72	1	148	0.13	756553.68	3354626.34	0.0320000648499	0.00599980354309	0.039999961853	2598072.66
14	15188400.0	0.0	0.588587759077	0.251065311857	0.950892857143	0.665178571429	0.748934688143	0.802293436356	213	76	0	72	1	149	0.14	907017.255	3612674.52	0.0299999713898	0.00500011444092	0.0350000858307	2705657.265
15	20986533.0	0.00100016593933	0.813279636384	0.280172563124	0.955357142857	0.830357142857	0.719827436876	0.826191861574	214	99	0	86	1	186	0.15	1084470.3	3870722.7	0.0299999713898	0.00499987602234	0.0360000133514	2786252.4
16	21007980.0	0.0	0.814110760246	0.313227069893	0.959821428571	0.834821428571	0.686772930107	0.840803302252	215	100	0	86	1	187	0.16	1293242.805	4128770.88	0.0309998989105	0.00800013542175	0.039999961853	2835528.075
17	21007980.0	0.0	0.814110760246	0.342413080972	0.964285714286	0.834821428571	0.657586919028	0.85538837598	216	100	0	86	1	187	0.17	1502104.23	4386819.06	0.0320000648499	0.00399994850159	0.0369999408722	2884714.83
18	21007980.0	0.00100016593933	0.814110760246	0.368356201931	0.964285714286	0.834821428571	0.631643798069	0.869973449708	216	100	0	86	1	187	0.18	1710965.655	4644867.24	0.0309998989105	0.00300002098083	0.0360000133514	2933901.585
19	21007980.0	0.0019998550415	0.814110760246	0.391568468052	0.964285714286	0.834821428571	0.608431531948	0.884558523436	216	100	0	86	1	187	0.19	1919827.08	4902915.42	0.0299999713898	0.00400018692017	0.0360000133514	2983088.34
20	22021947.0	0.00200009346008	0.853404468886	0.412696594101	0.973214285714	0.879464285714	0.587303405899	0.898780771373	218	104	0	92	1	197	0.2	2129912.1	5160963.6	0.0309998989105	0.00699996948242	0.0409998893738	3031051.5
21	22021947.0	0.000999927520752	0.853404468886	0.433682683377	0.973214285714	0.879464285714	0.566317316623	0.909997907457	218	104	0	92	1	197	0.21	2350131.57	5419011.78	0.0439999103546	0.00400018692017	0.0490000247955	3068880.21
22	22021947.0	0.0	0.853404468886	0.452760946354	0.973214285714	0.879464285714	0.547239053646	0.921215043541	218	104	0	92	1	197	0.22	2570351.04	5677059.96	0.0350000858307	0.00300002098083	0.0390000343323	3106708.92
23	22569057.0	0.00200009346008	0.874606323517	0.470739084124	0.982142857143	0.90625	0.529260915876	0.931448649656	220	108	0	94	1	203	0.23	2793887.37	5935108.14	0.0329999923706	0.00699996948242	0.0420000553131	3141220.77
24	22569057.0	0.00300002098083	0.874606323517	0.487566885765	0.982142857143	0.90625	0.512433114235	0.941043471016	220	108	0	94	1	203	0.24	3019577.94	6193156.32	0.0429999828339	0.00499987602234	0.050999879837	3173578.38
25	22569057.0	0.0019998550415	0.874606323517	0.503048463275	0.982142857143	0.90625	0.496951536725	0.950638292376	220	108	0	94	1	203	0.25	3245268.51	6451204.5	0.0390000343323	0.00499987602234	0.0469999313354	3205935.99
26	22569057.0	0.0019998550415	0.874606323517	0.517339150208	0.982142857143	0.90625	0.482660849792	0.960233113736	220	108	0	94	1	203	0.26	3470959.08	6709252.68	0.0410001277924	0.00500011444092	0.0480000972748	3238293.6
27	22569057.0	0.00200009346008	0.874606323517	0.530571267738	0.982142857143	0.90625	0.469428732262	0.969827935096	220	108	0	94	1	203	0.27	3696649.65	6967300.86	0.0329999923706	0.00500011444092	0.0410001277924	3270651.21
28	22569057.0	0.000999927520752	0.874606323517	0.542858234016	0.982142857143	0.90625	0.457141765984	0.979422756456	220	108	0	94	1	203	0.28	3922340.22	7225349.04	0.0320000648499	0.00699996948242	0.039999961853	3303008.82
29	22569057.0	0.000999927520752	0.874606323517	0.554297823309	0.982142857143	0.90625	0.445702176691	0.989017577816	220	108	0	94	1	203	0.29	4148030.79	7483397.22	0.0380001068115	0.00500011444092	0.0440001487732	3335366.43
30	25535538.0	0.0019998550415	0.989564739422	0.5665186943	0.991071428571	0.991071428571	0.4334813057	0.995068286	222	119	0	102	1	222	0.3	4385673.54	7741445.4	0.0380001068115	0.00600004196167	0.0460000038147	3355771.86
31	25652772.0	0.000999927520752	0.994107844512	0.580207632344	0.995535714286	0.995535714286	0.419792367656	0.995766449768	223	120	0	102	1	223	0.31	4641367.23	7999493.58	0.0380001068115	0.00500011444092	0.0450000762939	3358126.35
32	25652772.0	0.00100016593933	0.994107844512	0.593142013974	0.995535714286	0.995535714286	0.406857986026	0.99621730328	223	120	0	102	1	223	0.32	4897894.95	8257541.76	0.0369999408722	0.00399994850159	0.0420000553131	3359646.81
33	25652772.0	0.0019998550415	0.994107844512	0.605292493687	0.995535714286	0.995535714286	0.394707506313	0.996668156791	223	120	0	102	1	223	0.33	5154422.67	8515589.94	0.0410001277924	0.00800013542175	0.0510001182556	3361167.27
34	25652772.0	0.00100016593933	0.994107844512	0.6167282393	0.995535714286	0.995535714286	0.3832717607	0.997119010302	223	120	0	102	1	223	0.34	5410950.39	8773638.12	0.0339999198914	0.00399994850159	0.039999961853	3362687.73
35	25652772.0	0.00200009346008	0.994107844512	0.627510513734	0.995535714286	0.995535714286	0.372489486266	0.997569863813	223	120	0	102	1	223	0.35	5667478.11	9031686.3	0.0339999198914	0.00500011444092	0.0420000553131	3364208.19
36	25652772.0	0.0	0.994107844512	0.637693772923	0.995535714286	0.995535714286	0.362306227077	0.998020717325	223	120	0	102	1	223	0.36	5924005.83	9289734.48	0.0350000858307	0.00399994850159	0.039999961853	3365728.65
37	25652772.0	0.00200009346008	0.994107844512	0.647326585668	0.995535714286	0.995535714286	0.352673414332	0.998471570836	223	120	0	102	1	223	0.37	6180533.55	9547782.66	0.0360000133514	0.00399994850159	0.0420000553131	3367249.11
38	25652772.0	0.000999927520752	0.994107844512	0.656452408269	0.995535714286	0.995535714286	0.343547591731	0.998922424347	223	120	0	102	1	223	0.38	6437061.27	9805830.84	0.0339999198914	0.00399994850159	0.039999961853	3368769.57
39	25652772.0	0.00200009346008	0.994107844512	0.665110239968	0.995535714286	0.995535714286	0.334889760032	0.999373277858	223	120	0	102	1	223	0.39	6693588.99	10063879.02	0.0469999313354	0.00699996948242	0.0579998493195	3370290.03
40	25652772.0	0.000999927520752	0.994107844512	0.673335180081	0.995535714286	0.995535714286	0.326664819919	0.99982413137	223	120	0	102	1	223	0.4	6950116.71	10321927.2	0.0340001583099	0.00500011444092	0.0400002002716	3371810.49
41	25804818.0	0.00200009346008	1.0	0.681246555982	1.0	1.0	0.318753444018	1.0	224	121	0	102	1	224	0.41	7207571.79	10579975.38	0.0350000858307	0.00600004196167	0.0440001487732	3372403.59
42	25804818.0	0.0	1.0	0.688835923697	1.0	1.0	0.311164076303	1.0	224	121	0	102	1	224	0.42	7465619.97	10838023.56	0.0350000858307	0.00399994850159	0.039999961853	3372403.59
43	25804818.0	0.00200009346008	1.0	0.696072297564	1.0	1.0	0.303927702436	1.0	224	121	0	102	1	224	0.43	7723668.15	11096071.74	0.0350000858307	0.00499987602234	0.0420000553131	3372403.59
44	25804818.0	0.00100016593933	1.0	0.702979745347	1.0	1.0	0.297020254653	1.0	224	121	0	102	1	224	0.44	7981716.33	11354119.92	0.0329999923706	0.00699996948242	0.0420000553131	3372403.59
45	25804818.0	0.000999927520752	1.0	0.70958019545	1.0	1.0	0.29041980455	1.0	224	121	0	102	1	224	0.45	8239764.51	11612168.1	0.0350000858307	0.00499987602234	0.0420000553131	3372403.59
46	25804818.0	0.00100016593933	1.0	0.715893669462	1.0	1.0	0.284106330538	1.0	224	121	0	102	1	224	0.46	8497812.69	11870216.28	0.039999961853	0.00600004196167	0.0490000247955	3372403.59
47	25804818.0	0.000999927520752	1.0	0.721938485006	1.0	1.0	0.278061514994	1.0	224	121	0	102	1	224	0.47	8755860.87	12128264.46	0.0320000648499	0.00600004196167	0.039999961853	3372403.59
48	25804818.0	0.00300002098083	1.0	0.727731433235	1.0	1.0	0.272268566765	1.0	224	121	0	102	1	224	0.48	9013909.05	12386312.64	0.0350000858307	0.00600004196167	0.0440001487732	3372403.59
49	25804818.0	0.0019998550415	1.0	0.733287934597	1.0	1.0	0.266712065403	1.0	224	121	0	102	1	224	0.49	9271957.23	12644360.82	0.0340001583099	0.00600004196167	0.0420000553131	3372403.59
50	25804818.0	0.000999927520752	1.0	0.738622175905	1.0	1.0	0.261377824095	1.0	224	121	0	102	1	224	0.5	9530005.41	12902409.0	0.0329999923706	0.00300002098083	0.0369999408722	3372403.59
51	25804818.0	0.00200009346008	1.0	0.74374723128	1.0	1.0	0.25625276872	1.0	224	121	0	102	1	224	0.51	9788053.59	13160457.18	0.0339999198914	0.00399994850159	0.0409998893738	3372403.59
52	25804818.0	0.0	1.0	0.74867516914	1.0	1.0	0.25132483086	1.0	224	121	0	102	1	224	0.52	10046101.77	13418505.36	0.0329999923706	0.00300002098083	0.0369999408722	3372403.59
53	25804818.0	0.0019998550415	1.0	0.75341714708	1.0	1.0	0.24658285292	1.0	224	121	0	102	1	224	0.53	10304149.95	13676553.54	0.0340001583099	0.00300002098083	0.0400002002716	3372403.59
54	25804818.0	0.0019998550415	1.0	0.757983496209	1.0	1.0	0.242016503791	1.0	224	121	0	102	1	224	0.54	10562198.13	13934601.72	0.0410001277924	0.00300002098083	0.0460000038147	3372403.59
55	25804818.0	0.0	1.0	0.762383796278	1.0	1.0	0.237616203722	1.0	224	121	0	102	1	224	0.55	10820246.31	14192649.9	0.0329999923706	0.00599980354309	0.039999961853	3372403.59
56	25804818.0	0.0019998550415	1.0	0.766626942773	1.0	1.0	0.233373057227	1.0	224	121	0	102	1	224	0.56	11078294.49	14450698.08	0.0440001487732	0.00500011444092	0.0520000457764	3372403.59
57	25804818.0	0.0019998550415	1.0	0.770721206934	1.0	1.0	0.229278793066	1.0	224	121	0	102	1	224	0.57	11336342.67	14708746.26	0.0380001068115	0.007000207901	0.047000169754	3372403.59
58	25804818.0	0.0019998550415	1.0	0.774674289574	1.0	1.0	0.225325710426	1.0	224	121	0	102	1	224	0.58	11594390.85	14966794.44	0.0450000762939	0.00399994850159	0.0520000457764	3372403.59
59	25804818.0	0.00200009346008	1.0	0.778493369411	1.0	1.0	0.221506630589	1.0	224	121	0	102	1	224	0.59	11852439.03	15224842.62	0.0339999198914	0.00699996948242	0.0439999103546	3372403.59
