DepressionID	Ac	Am	Nds	Ndsds	Nus	Nuscd	OutletID	Sdus	Shrn	Strn	USAc	USVm	Vm	p0.001	p0.01	p0.02	p0.03	p0.04	p0.05	p0.06	p0.07	p0.08	p0.09	p0.1	p0.11	p0.12	p0.13	p0.14	p0.15	p0.16	p0.17	p0.18	p0.19	p0.2	p0.21	p0.22	p0.23	p0.24	p0.25	p0.26	p0.27	p0.28	p0.29	p0.3	p0.31	p0.32	p0.33	p0.34	p0.35	p0.36	p0.37	p0.38	p0.39	p0.4	p0.41	p0.42	p0.43	p0.44	p0.45	p0.46	p0.47	p0.48	p0.49	p0.5	p0.51	p0.52	p0.53	p0.54	p0.55	p0.56	p0.57	p0.58	p0.59
30209	14517	2898	1	5	0	0	[117000]	0.0	1	1	0.0	0.0	351.27	0.0	0.0	0.0	0.0	0.0	0.0	0.0	0.0	0.0	0.0	0.0	0.0	0.0	0.0	0.0	0.0	0.0	0.0	0.0	0.0	0.0	0.0	0.0	0.0	0.0	0.0	0.0	0.0	0.0	0.0	0.0	0.0	0.0	0.0	0.0	0.0	0.0	0.0	0.0	0.0	0.0	0.0	0.0	0.0	0.0	0.0	0.0	0.0	0.0	0.0	0.0	0.0	0.0	0.0	0.0	0.0	0.0	0.0	0.0	0.0
30211	6246	2511	1	6	0	0	[117000]	0.0	1	1	0.0	0.0	411.39	0.0	0.0	0.0	0.0	0.0	0.0	0.0	0.0	0.0	0.0	0.0	0.0	0.0	0.0	0.0	0.0	0.0	0.0	0.0	0.0	0.0	0.0	0.0	0.0	0.0	0.0	0.0	0.0	0.0	0.0	0.0	0.0	0.0	0.0	0.0	0.0	0.0	0.0	0.0	0.0	0.0	0.0	0.0	0.0	0.0	0.0	0.0	0.0	0.0	0.0	0.0	0.0	0.0	0.0	0.0	0.0	0.0	0.0	0.0	0.0
30212	84060	18837	1	5	3	14	[117000]	0.72903603196	7	2	784908.0	57463.02	1629.9	784.908	7418.16	14315.85	21206.52	28061.325	34916.13	41770.935	48511.8	53070.21	56710.17	57463.02	57463.02	57463.02	57463.02	57463.02	57463.02	57463.02	57463.02	57463.02	57463.02	57463.02	57463.02	57463.02	57463.02	57463.02	57463.02	57463.02	57463.02	57463.02	57463.02	57463.02	57463.02	57463.02	57463.02	57463.02	57463.02	57463.02	57463.02	57463.02	57463.02	57463.02	57463.02	57463.02	57463.02	57463.02	57463.02	57463.02	57463.02	57463.02	57463.02	57463.02	57463.02	57463.02	57463.02	57463.02	57463.02	57463.02	57463.02	57463.02	57463.02
30217	13347	2511	1	12	0	0	[117000]	0.0	1	1	0.0	0.0	342.54	0.0	0.0	0.0	0.0	0.0	0.0	0.0	0.0	0.0	0.0	0.0	0.0	0.0	0.0	0.0	0.0	0.0	0.0	0.0	0.0	0.0	0.0	0.0	0.0	0.0	0.0	0.0	0.0	0.0	0.0	0.0	0.0	0.0	0.0	0.0	0.0	0.0	0.0	0.0	0.0	0.0	0.0	0.0	0.0	0.0	0.0	0.0	0.0	0.0	0.0	0.0	0.0	0.0	0.0	0.0	0.0	0.0	0.0	0.0	0.0
117041	59418	6435	1	2	1	1	[117000]	0.00486423584174	1	1	34803.0	169.29	628.74	34.803	169.29	169.29	169.29	169.29	169.29	169.29	169.29	169.29	169.29	169.29	169.29	169.29	169.29	169.29	169.29	169.29	169.29	169.29	169.29	169.29	169.29	169.29	169.29	169.29	169.29	169.29	169.29	169.29	169.29	169.29	169.29	169.29	169.29	169.29	169.29	169.29	169.29	169.29	169.29	169.29	169.29	169.29	169.29	169.29	169.29	169.29	169.29	169.29	169.29	169.29	169.29	169.29	169.29	169.29	169.29	169.29	169.29	169.29	169.29
117262	108378	41760	1	3	1	1	[117000]	0.0956361750168	1	1	294966.0	28209.42	16226.01	294.966	2949.66	5899.32	8848.98	11798.64	14748.3	17697.96	20647.62	23597.28	26546.94	28209.42	28209.42	28209.42	28209.42	28209.42	28209.42	28209.42	28209.42	28209.42	28209.42	28209.42	28209.42	28209.42	28209.42	28209.42	28209.42	28209.42	28209.42	28209.42	28209.42	28209.42	28209.42	28209.42	28209.42	28209.42	28209.42	28209.42	28209.42	28209.42	28209.42	28209.42	28209.42	28209.42	28209.42	28209.42	28209.42	28209.42	28209.42	28209.42	28209.42	28209.42	28209.42	28209.42	28209.42	28209.42	28209.42	28209.42	28209.42	28209.42	28209.42
30381	144117	16362	1	11	0	0	[117000]	0.0	1	1	0.0	0.0	4250.07	0.0	0.0	0.0	0.0	0.0	0.0	0.0	0.0	0.0	0.0	0.0	0.0	0.0	0.0	0.0	0.0	0.0	0.0	0.0	0.0	0.0	0.0	0.0	0.0	0.0	0.0	0.0	0.0	0.0	0.0	0.0	0.0	0.0	0.0	0.0	0.0	0.0	0.0	0.0	0.0	0.0	0.0	0.0	0.0	0.0	0.0	0.0	0.0	0.0	0.0	0.0	0.0	0.0	0.0	0.0	0.0	0.0	0.0	0.0	0.0
30225	60210	11637	1	5	2	3	[117000]	0.141348277496	2	2	145089.0	9063.72	1039.77	145.089	970.11	1627.74	2285.37	2943.0	3600.63	4258.26	4915.89	5573.52	6231.15	6888.78	7546.41	8204.04	8861.67	9063.72	9063.72	9063.72	9063.72	9063.72	9063.72	9063.72	9063.72	9063.72	9063.72	9063.72	9063.72	9063.72	9063.72	9063.72	9063.72	9063.72	9063.72	9063.72	9063.72	9063.72	9063.72	9063.72	9063.72	9063.72	9063.72	9063.72	9063.72	9063.72	9063.72	9063.72	9063.72	9063.72	9063.72	9063.72	9063.72	9063.72	9063.72	9063.72	9063.72	9063.72	9063.72	9063.72	9063.72	9063.72	9063.72
30231	153954	7713	1	4	3	21	[117000]	0.944086523212	10	2	1127160.0	70157.16	446.67	1127.16	11228.49	19574.01	27122.31	34634.745	42147.18	49659.615	57058.11	62274.15	66571.74	67982.22	68639.85	69297.48	69955.11	70157.16	70157.16	70157.16	70157.16	70157.16	70157.16	70157.16	70157.16	70157.16	70157.16	70157.16	70157.16	70157.16	70157.16	70157.16	70157.16	70157.16	70157.16	70157.16	70157.16	70157.16	70157.16	70157.16	70157.16	70157.16	70157.16	70157.16	70157.16	70157.16	70157.16	70157.16	70157.16	70157.16	70157.16	70157.16	70157.16	70157.16	70157.16	70157.16	70157.16	70157.16	70157.16	70157.16	70157.16	70157.16	70157.16
30232	45999	2061	1	6	1	1	[117000]	0.00538212260329	1	1	33327.0	179.37	133.11	33.327	179.37	179.37	179.37	179.37	179.37	179.37	179.37	179.37	179.37	179.37	179.37	179.37	179.37	179.37	179.37	179.37	179.37	179.37	179.37	179.37	179.37	179.37	179.37	179.37	179.37	179.37	179.37	179.37	179.37	179.37	179.37	179.37	179.37	179.37	179.37	179.37	179.37	179.37	179.37	179.37	179.37	179.37	179.37	179.37	179.37	179.37	179.37	179.37	179.37	179.37	179.37	179.37	179.37	179.37	179.37	179.37	179.37	179.37	179.37
30238	19530	3987	1	5	1	1	[117000]	0.0171540329107	1	1	33363.0	572.31	388.44	33.363	333.63	572.31	572.31	572.31	572.31	572.31	572.31	572.31	572.31	572.31	572.31	572.31	572.31	572.31	572.31	572.31	572.31	572.31	572.31	572.31	572.31	572.31	572.31	572.31	572.31	572.31	572.31	572.31	572.31	572.31	572.31	572.31	572.31	572.31	572.31	572.31	572.31	572.31	572.31	572.31	572.31	572.31	572.31	572.31	572.31	572.31	572.31	572.31	572.31	572.31	572.31	572.31	572.31	572.31	572.31	572.31	572.31	572.31	572.31
30531	134352	16308	1	16	0	0	[117000]	0.0	1	1	0.0	0.0	3446.64	0.0	0.0	0.0	0.0	0.0	0.0	0.0	0.0	0.0	0.0	0.0	0.0	0.0	0.0	0.0	0.0	0.0	0.0	0.0	0.0	0.0	0.0	0.0	0.0	0.0	0.0	0.0	0.0	0.0	0.0	0.0	0.0	0.0	0.0	0.0	0.0	0.0	0.0	0.0	0.0	0.0	0.0	0.0	0.0	0.0	0.0	0.0	0.0	0.0	0.0	0.0	0.0	0.0	0.0	0.0	0.0	0.0	0.0	0.0	0.0
30241	33327	1719	1	7	0	0	[117000]	0.0	1	1	0.0	0.0	179.37	0.0	0.0	0.0	0.0	0.0	0.0	0.0	0.0	0.0	0.0	0.0	0.0	0.0	0.0	0.0	0.0	0.0	0.0	0.0	0.0	0.0	0.0	0.0	0.0	0.0	0.0	0.0	0.0	0.0	0.0	0.0	0.0	0.0	0.0	0.0	0.0	0.0	0.0	0.0	0.0	0.0	0.0	0.0	0.0	0.0	0.0	0.0	0.0	0.0	0.0	0.0	0.0	0.0	0.0	0.0	0.0	0.0	0.0	0.0	0.0
166435	1432593	563292	1	2	11	215	[117000]	11.6255470952	164	3	23358132.0	3103808.67	193919.67	23320.341	231177.87	459572.67	684370.62	902186.46	1118953.98	1334304.99	1549477.44	1711136.16	1850901.66	1986812.1	2111329.53	2221356.15	2329477.74	2437062.345	2517657.48	2566933.155	2616119.91	2665306.665	2714493.42	2762456.58	2800285.29	2838114.0	2872625.85	2904983.46	2937341.07	2969698.68	3002056.29	3034413.9	3066771.51	3087176.94	3089531.43	3091051.89	3092572.35	3094092.81	3095613.27	3097133.73	3098654.19	3100174.65	3101695.11	3103215.57	3103808.67	3103808.67	3103808.67	3103808.67	3103808.67	3103808.67	3103808.67	3103808.67	3103808.67	3103808.67	3103808.67	3103808.67	3103808.67	3103808.67	3103808.67	3103808.67	3103808.67	3103808.67	3103808.67
166437	49104	10827	1	4	0	0	[117000]	0.0	1	1	0.0	0.0	2473.2	0.0	0.0	0.0	0.0	0.0	0.0	0.0	0.0	0.0	0.0	0.0	0.0	0.0	0.0	0.0	0.0	0.0	0.0	0.0	0.0	0.0	0.0	0.0	0.0	0.0	0.0	0.0	0.0	0.0	0.0	0.0	0.0	0.0	0.0	0.0	0.0	0.0	0.0	0.0	0.0	0.0	0.0	0.0	0.0	0.0	0.0	0.0	0.0	0.0	0.0	0.0	0.0	0.0	0.0	0.0	0.0	0.0	0.0	0.0	0.0
30248	33363	6075	1	6	0	0	[117000]	0.0	1	1	0.0	0.0	572.31	0.0	0.0	0.0	0.0	0.0	0.0	0.0	0.0	0.0	0.0	0.0	0.0	0.0	0.0	0.0	0.0	0.0	0.0	0.0	0.0	0.0	0.0	0.0	0.0	0.0	0.0	0.0	0.0	0.0	0.0	0.0	0.0	0.0	0.0	0.0	0.0	0.0	0.0	0.0	0.0	0.0	0.0	0.0	0.0	0.0	0.0	0.0	0.0	0.0	0.0	0.0	0.0	0.0	0.0	0.0	0.0	0.0	0.0	0.0	0.0
30254	25074	1665	1	4	0	0	[117000]	0.0	1	1	0.0	0.0	162.45	0.0	0.0	0.0	0.0	0.0	0.0	0.0	0.0	0.0	0.0	0.0	0.0	0.0	0.0	0.0	0.0	0.0	0.0	0.0	0.0	0.0	0.0	0.0	0.0	0.0	0.0	0.0	0.0	0.0	0.0	0.0	0.0	0.0	0.0	0.0	0.0	0.0	0.0	0.0	0.0	0.0	0.0	0.0	0.0	0.0	0.0	0.0	0.0	0.0	0.0	0.0	0.0	0.0	0.0	0.0	0.0	0.0	0.0	0.0	0.0
30536	17676	4320	1	15	1	1	[117000]	0.0256538049303	1	1	134352.0	3446.64	304.11	134.352	1343.52	2687.04	3446.64	3446.64	3446.64	3446.64	3446.64	3446.64	3446.64	3446.64	3446.64	3446.64	3446.64	3446.64	3446.64	3446.64	3446.64	3446.64	3446.64	3446.64	3446.64	3446.64	3446.64	3446.64	3446.64	3446.64	3446.64	3446.64	3446.64	3446.64	3446.64	3446.64	3446.64	3446.64	3446.64	3446.64	3446.64	3446.64	3446.64	3446.64	3446.64	3446.64	3446.64	3446.64	3446.64	3446.64	3446.64	3446.64	3446.64	3446.64	3446.64	3446.64	3446.64	3446.64	3446.64	3446.64	3446.64	3446.64	3446.64
30258	196263	74862	1	3	4	81	[117000]	4.96818497317	40	3	8021628.0	1364184.0	15077.16	8021.628	78992.01	154459.98	228981.69	303467.535	377953.38	452439.225	526811.13	594771.21	656605.8	715290.75	762933.42	797981.13	829986.84	861374.16	892559.43	923744.7	954929.97	986115.24	1017300.51	1048485.78	1079671.05	1110856.32	1142041.59	1173226.86	1204412.13	1235597.4	1266782.67	1297967.94	1329153.21	1348386.3	1349906.76	1351427.22	1352947.68	1354468.14	1355988.6	1357509.06	1359029.52	1360549.98	1362070.44	1363590.9	1364184.0	1364184.0	1364184.0	1364184.0	1364184.0	1364184.0	1364184.0	1364184.0	1364184.0	1364184.0	1364184.0	1364184.0	1364184.0	1364184.0	1364184.0	1364184.0	1364184.0	1364184.0	1364184.0
117064	259497	115542	1	4	3	3	[117000]	0.0749539795538	3	2	40095.0	1000.89	66289.05	40.095	400.95	801.9	1000.89	1000.89	1000.89	1000.89	1000.89	1000.89	1000.89	1000.89	1000.89	1000.89	1000.89	1000.89	1000.89	1000.89	1000.89	1000.89	1000.89	1000.89	1000.89	1000.89	1000.89	1000.89	1000.89	1000.89	1000.89	1000.89	1000.89	1000.89	1000.89	1000.89	1000.89	1000.89	1000.89	1000.89	1000.89	1000.89	1000.89	1000.89	1000.89	1000.89	1000.89	1000.89	1000.89	1000.89	1000.89	1000.89	1000.89	1000.89	1000.89	1000.89	1000.89	1000.89	1000.89	1000.89	1000.89	1000.89	1000.89
30264	23220	2889	1	12	0	0	[117000]	0.0	1	1	0.0	0.0	454.32	0.0	0.0	0.0	0.0	0.0	0.0	0.0	0.0	0.0	0.0	0.0	0.0	0.0	0.0	0.0	0.0	0.0	0.0	0.0	0.0	0.0	0.0	0.0	0.0	0.0	0.0	0.0	0.0	0.0	0.0	0.0	0.0	0.0	0.0	0.0	0.0	0.0	0.0	0.0	0.0	0.0	0.0	0.0	0.0	0.0	0.0	0.0	0.0	0.0	0.0	0.0	0.0	0.0	0.0	0.0	0.0	0.0	0.0	0.0	0.0
30265	18099	2547	1	4	0	0	[117000]	0.0	1	1	0.0	0.0	330.03	0.0	0.0	0.0	0.0	0.0	0.0	0.0	0.0	0.0	0.0	0.0	0.0	0.0	0.0	0.0	0.0	0.0	0.0	0.0	0.0	0.0	0.0	0.0	0.0	0.0	0.0	0.0	0.0	0.0	0.0	0.0	0.0	0.0	0.0	0.0	0.0	0.0	0.0	0.0	0.0	0.0	0.0	0.0	0.0	0.0	0.0	0.0	0.0	0.0	0.0	0.0	0.0	0.0	0.0	0.0	0.0	0.0	0.0	0.0	0.0
166970	17757	3915	1	3	1	4	[117000]	0.330406065705	3	2	299592.0	67289.94	467.1	299.592	2995.92	5991.84	8987.76	11983.68	14979.6	17975.52	20971.44	23967.36	26963.28	29959.2	32955.12	35951.04	38946.96	41942.88	44938.8	47934.72	50930.64	53926.56	56922.48	59918.4	62914.32	65910.24	67289.94	67289.94	67289.94	67289.94	67289.94	67289.94	67289.94	67289.94	67289.94	67289.94	67289.94	67289.94	67289.94	67289.94	67289.94	67289.94	67289.94	67289.94	67289.94	67289.94	67289.94	67289.94	67289.94	67289.94	67289.94	67289.94	67289.94	67289.94	67289.94	67289.94	67289.94	67289.94	67289.94	67289.94	67289.94	67289.94	67289.94
166971	14364	2520	1	4	0	0	[117000]	0.0	1	1	0.0	0.0	263.7	0.0	0.0	0.0	0.0	0.0	0.0	0.0	0.0	0.0	0.0	0.0	0.0	0.0	0.0	0.0	0.0	0.0	0.0	0.0	0.0	0.0	0.0	0.0	0.0	0.0	0.0	0.0	0.0	0.0	0.0	0.0	0.0	0.0	0.0	0.0	0.0	0.0	0.0	0.0	0.0	0.0	0.0	0.0	0.0	0.0	0.0	0.0	0.0	0.0	0.0	0.0	0.0	0.0	0.0	0.0	0.0	0.0	0.0	0.0	0.0
116287	19800	5535	1	4	0	0	[117000]	0.0	1	1	0.0	0.0	515.79	0.0	0.0	0.0	0.0	0.0	0.0	0.0	0.0	0.0	0.0	0.0	0.0	0.0	0.0	0.0	0.0	0.0	0.0	0.0	0.0	0.0	0.0	0.0	0.0	0.0	0.0	0.0	0.0	0.0	0.0	0.0	0.0	0.0	0.0	0.0	0.0	0.0	0.0	0.0	0.0	0.0	0.0	0.0	0.0	0.0	0.0	0.0	0.0	0.0	0.0	0.0	0.0	0.0	0.0	0.0	0.0	0.0	0.0	0.0	0.0
30276	49005	5130	1	11	1	1	[117000]	0.0195658914729	1	1	23220.0	454.32	584.55	23.22	232.2	454.32	454.32	454.32	454.32	454.32	454.32	454.32	454.32	454.32	454.32	454.32	454.32	454.32	454.32	454.32	454.32	454.32	454.32	454.32	454.32	454.32	454.32	454.32	454.32	454.32	454.32	454.32	454.32	454.32	454.32	454.32	454.32	454.32	454.32	454.32	454.32	454.32	454.32	454.32	454.32	454.32	454.32	454.32	454.32	454.32	454.32	454.32	454.32	454.32	454.32	454.32	454.32	454.32	454.32	454.32	454.32	454.32	454.32
30277	47853	16911	1	10	0	0	[117000]	0.0	1	1	0.0	0.0	4557.96	0.0	0.0	0.0	0.0	0.0	0.0	0.0	0.0	0.0	0.0	0.0	0.0	0.0	0.0	0.0	0.0	0.0	0.0	0.0	0.0	0.0	0.0	0.0	0.0	0.0	0.0	0.0	0.0	0.0	0.0	0.0	0.0	0.0	0.0	0.0	0.0	0.0	0.0	0.0	0.0	0.0	0.0	0.0	0.0	0.0	0.0	0.0	0.0	0.0	0.0	0.0	0.0	0.0	0.0	0.0	0.0	0.0	0.0	0.0	0.0
30279	8397	1935	1	3	0	0	[117000]	0.0	1	1	0.0	0.0	233.91	0.0	0.0	0.0	0.0	0.0	0.0	0.0	0.0	0.0	0.0	0.0	0.0	0.0	0.0	0.0	0.0	0.0	0.0	0.0	0.0	0.0	0.0	0.0	0.0	0.0	0.0	0.0	0.0	0.0	0.0	0.0	0.0	0.0	0.0	0.0	0.0	0.0	0.0	0.0	0.0	0.0	0.0	0.0	0.0	0.0	0.0	0.0	0.0	0.0	0.0	0.0	0.0	0.0	0.0	0.0	0.0	0.0	0.0	0.0	0.0
30280	266211	90477	1	11	1	1	[117000]	0.0256641942009	1	1	13347.0	342.54	54839.61	13.347	133.47	266.94	342.54	342.54	342.54	342.54	342.54	342.54	342.54	342.54	342.54	342.54	342.54	342.54	342.54	342.54	342.54	342.54	342.54	342.54	342.54	342.54	342.54	342.54	342.54	342.54	342.54	342.54	342.54	342.54	342.54	342.54	342.54	342.54	342.54	342.54	342.54	342.54	342.54	342.54	342.54	342.54	342.54	342.54	342.54	342.54	342.54	342.54	342.54	342.54	342.54	342.54	342.54	342.54	342.54	342.54	342.54	342.54	342.54
30283	26388	4014	1	4	0	0	[117000]	0.0	1	1	0.0	0.0	501.03	0.0	0.0	0.0	0.0	0.0	0.0	0.0	0.0	0.0	0.0	0.0	0.0	0.0	0.0	0.0	0.0	0.0	0.0	0.0	0.0	0.0	0.0	0.0	0.0	0.0	0.0	0.0	0.0	0.0	0.0	0.0	0.0	0.0	0.0	0.0	0.0	0.0	0.0	0.0	0.0	0.0	0.0	0.0	0.0	0.0	0.0	0.0	0.0	0.0	0.0	0.0	0.0	0.0	0.0	0.0	0.0	0.0	0.0	0.0	0.0
30287	111609	31716	1	3	2	57	[117000]	3.93134188469	29	3	6657462.0	1288013.76	6339.78	6657.462	66574.62	133122.51	199433.25	265743.99	332054.73	398365.47	464676.21	526483.98	584020.98	641295.45	688280.49	722670.57	754018.65	785203.92	816389.19	847574.46	878759.73	909945.0	941130.27	972315.54	1003500.81	1034686.08	1065871.35	1097056.62	1128241.89	1159427.16	1190612.43	1221797.7	1252982.97	1272216.06	1273736.52	1275256.98	1276777.44	1278297.9	1279818.36	1281338.82	1282859.28	1284379.74	1285900.2	1287420.66	1288013.76	1288013.76	1288013.76	1288013.76	1288013.76	1288013.76	1288013.76	1288013.76	1288013.76	1288013.76	1288013.76	1288013.76	1288013.76	1288013.76	1288013.76	1288013.76	1288013.76	1288013.76	1288013.76
30288	72018	3078	1	11	0	0	[117000]	0.0	1	1	0.0	0.0	431.82	0.0	0.0	0.0	0.0	0.0	0.0	0.0	0.0	0.0	0.0	0.0	0.0	0.0	0.0	0.0	0.0	0.0	0.0	0.0	0.0	0.0	0.0	0.0	0.0	0.0	0.0	0.0	0.0	0.0	0.0	0.0	0.0	0.0	0.0	0.0	0.0	0.0	0.0	0.0	0.0	0.0	0.0	0.0	0.0	0.0	0.0	0.0	0.0	0.0	0.0	0.0	0.0	0.0	0.0	0.0	0.0	0.0	0.0	0.0	0.0
30289	66267	23292	1	4	1	56	[117000]	3.91235484513	28	3	6631074.0	1287512.73	5574.96	6631.074	66310.74	132621.48	198932.22	265242.96	331553.7	397864.44	464175.18	525982.95	583519.95	640794.42	687779.46	722169.54	753517.62	784702.89	815888.16	847073.43	878258.7	909443.97	940629.24	971814.51	1002999.78	1034185.05	1065370.32	1096555.59	1127740.86	1158926.13	1190111.4	1221296.67	1252481.94	1271715.03	1273235.49	1274755.95	1276276.41	1277796.87	1279317.33	1280837.79	1282358.25	1283878.71	1285399.17	1286919.63	1287512.73	1287512.73	1287512.73	1287512.73	1287512.73	1287512.73	1287512.73	1287512.73	1287512.73	1287512.73	1287512.73	1287512.73	1287512.73	1287512.73	1287512.73	1287512.73	1287512.73	1287512.73	1287512.73
30290	13878	3033	1	9	1	1	[117000]	0.0952492006771	1	1	47853.0	4557.96	456.84	47.853	478.53	957.06	1435.59	1914.12	2392.65	2871.18	3349.71	3828.24	4306.77	4557.96	4557.96	4557.96	4557.96	4557.96	4557.96	4557.96	4557.96	4557.96	4557.96	4557.96	4557.96	4557.96	4557.96	4557.96	4557.96	4557.96	4557.96	4557.96	4557.96	4557.96	4557.96	4557.96	4557.96	4557.96	4557.96	4557.96	4557.96	4557.96	4557.96	4557.96	4557.96	4557.96	4557.96	4557.96	4557.96	4557.96	4557.96	4557.96	4557.96	4557.96	4557.96	4557.96	4557.96	4557.96	4557.96	4557.96	4557.96	4557.96	4557.96
30563	134307	5580	1	14	2	3	[117000]	0.496034538767	2	2	219663.0	49545.99	616.86	219.663	2196.63	4393.26	6425.01	8380.62	10336.23	12291.84	14247.45	16203.06	18158.67	20114.28	22069.89	24025.5	25981.11	27936.72	29892.33	31847.94	33471.54	34643.88	35816.22	36988.56	38160.9	39333.24	40505.58	41677.92	42850.26	44022.6	45194.94	46367.28	47539.62	48711.96	49545.99	49545.99	49545.99	49545.99	49545.99	49545.99	49545.99	49545.99	49545.99	49545.99	49545.99	49545.99	49545.99	49545.99	49545.99	49545.99	49545.99	49545.99	49545.99	49545.99	49545.99	49545.99	49545.99	49545.99	49545.99	49545.99	49545.99	49545.99	49545.99
30294	10548	4059	1	11	0	0	[117000]	0.0	1	1	0.0	0.0	485.46	0.0	0.0	0.0	0.0	0.0	0.0	0.0	0.0	0.0	0.0	0.0	0.0	0.0	0.0	0.0	0.0	0.0	0.0	0.0	0.0	0.0	0.0	0.0	0.0	0.0	0.0	0.0	0.0	0.0	0.0	0.0	0.0	0.0	0.0	0.0	0.0	0.0	0.0	0.0	0.0	0.0	0.0	0.0	0.0	0.0	0.0	0.0	0.0	0.0	0.0	0.0	0.0	0.0	0.0	0.0	0.0	0.0	0.0	0.0	0.0
30299	176409	14382	1	8	1	2	[117000]	0.128167488615	1	1	61731.0	5014.8	2251.08	61.731	617.31	1234.62	1851.93	2370.96	2849.49	3328.02	3806.55	4285.08	4763.61	5014.8	5014.8	5014.8	5014.8	5014.8	5014.8	5014.8	5014.8	5014.8	5014.8	5014.8	5014.8	5014.8	5014.8	5014.8	5014.8	5014.8	5014.8	5014.8	5014.8	5014.8	5014.8	5014.8	5014.8	5014.8	5014.8	5014.8	5014.8	5014.8	5014.8	5014.8	5014.8	5014.8	5014.8	5014.8	5014.8	5014.8	5014.8	5014.8	5014.8	5014.8	5014.8	5014.8	5014.8	5014.8	5014.8	5014.8	5014.8	5014.8	5014.8
30300	6507	882	1	7	0	0	[117000]	0.0	1	1	0.0	0.0	81.81	0.0	0.0	0.0	0.0	0.0	0.0	0.0	0.0	0.0	0.0	0.0	0.0	0.0	0.0	0.0	0.0	0.0	0.0	0.0	0.0	0.0	0.0	0.0	0.0	0.0	0.0	0.0	0.0	0.0	0.0	0.0	0.0	0.0	0.0	0.0	0.0	0.0	0.0	0.0	0.0	0.0	0.0	0.0	0.0	0.0	0.0	0.0	0.0	0.0	0.0	0.0	0.0	0.0	0.0	0.0	0.0	0.0	0.0	0.0	0.0
30303	37620	6930	1	3	0	0	[117000]	0.0	1	1	0.0	0.0	822.42	0.0	0.0	0.0	0.0	0.0	0.0	0.0	0.0	0.0	0.0	0.0	0.0	0.0	0.0	0.0	0.0	0.0	0.0	0.0	0.0	0.0	0.0	0.0	0.0	0.0	0.0	0.0	0.0	0.0	0.0	0.0	0.0	0.0	0.0	0.0	0.0	0.0	0.0	0.0	0.0	0.0	0.0	0.0	0.0	0.0	0.0	0.0	0.0	0.0	0.0	0.0	0.0	0.0	0.0	0.0	0.0	0.0	0.0	0.0	0.0
30310	20034	1755	1	12	0	0	[117000]	0.0	1	1	0.0	0.0	189.9	0.0	0.0	0.0	0.0	0.0	0.0	0.0	0.0	0.0	0.0	0.0	0.0	0.0	0.0	0.0	0.0	0.0	0.0	0.0	0.0	0.0	0.0	0.0	0.0	0.0	0.0	0.0	0.0	0.0	0.0	0.0	0.0	0.0	0.0	0.0	0.0	0.0	0.0	0.0	0.0	0.0	0.0	0.0	0.0	0.0	0.0	0.0	0.0	0.0	0.0	0.0	0.0	0.0	0.0	0.0	0.0	0.0	0.0	0.0	0.0
30482	162648	25515	1	12	1	13	[117000]	0.87988927327	7	2	1418094.0	226510.29	8417.16	1418.094	14180.94	28361.88	42542.82	56723.76	70904.7	85085.64	99266.58	113447.52	123152.85	130233.24	137313.63	144394.02	149200.47	153844.11	158487.75	163131.39	167775.03	172418.67	177062.31	181705.95	186349.59	190993.23	195636.87	200280.51	204924.15	209567.79	214211.43	218855.07	223498.71	226510.29	226510.29	226510.29	226510.29	226510.29	226510.29	226510.29	226510.29	226510.29	226510.29	226510.29	226510.29	226510.29	226510.29	226510.29	226510.29	226510.29	226510.29	226510.29	226510.29	226510.29	226510.29	226510.29	226510.29	226510.29	226510.29	226510.29	226510.29	226510.29	226510.29
30318	8010	3411	1	11	1	1	[117000]	0.00947888589398	1	1	20034.0	189.9	395.46	20.034	189.9	189.9	189.9	189.9	189.9	189.9	189.9	189.9	189.9	189.9	189.9	189.9	189.9	189.9	189.9	189.9	189.9	189.9	189.9	189.9	189.9	189.9	189.9	189.9	189.9	189.9	189.9	189.9	189.9	189.9	189.9	189.9	189.9	189.9	189.9	189.9	189.9	189.9	189.9	189.9	189.9	189.9	189.9	189.9	189.9	189.9	189.9	189.9	189.9	189.9	189.9	189.9	189.9	189.9	189.9	189.9	189.9	189.9	189.9
30323	175248	71235	2	6	2	55	[117000]	3.72481016559	28	3	6455826.0	1254645.9	32866.83	6455.826	64558.26	129068.19	193561.38	258054.57	318276.0	376835.22	435394.44	493116.12	550653.12	607927.59	654912.63	689302.71	720650.79	751836.06	783021.33	814206.6	845391.87	876577.14	907762.41	938947.68	970132.95	1001318.22	1032503.49	1063688.76	1094874.03	1126059.3	1157244.57	1188429.84	1219615.11	1238848.2	1240368.66	1241889.12	1243409.58	1244930.04	1246450.5	1247970.96	1249491.42	1251011.88	1252532.34	1254052.8	1254645.9	1254645.9	1254645.9	1254645.9	1254645.9	1254645.9	1254645.9	1254645.9	1254645.9	1254645.9	1254645.9	1254645.9	1254645.9	1254645.9	1254645.9	1254645.9	1254645.9	1254645.9	1254645.9
29814	25497	4806	1	8	0	0	[117000]	0.0	1	1	0.0	0.0	940.68	0.0	0.0	0.0	0.0	0.0	0.0	0.0	0.0	0.0	0.0	0.0	0.0	0.0	0.0	0.0	0.0	0.0	0.0	0.0	0.0	0.0	0.0	0.0	0.0	0.0	0.0	0.0	0.0	0.0	0.0	0.0	0.0	0.0	0.0	0.0	0.0	0.0	0.0	0.0	0.0	0.0	0.0	0.0	0.0	0.0	0.0	0.0	0.0	0.0	0.0	0.0	0.0	0.0	0.0	0.0	0.0	0.0	0.0	0.0	0.0
30330	129042	46566	1	7	2	53	[117000]	3.61007058259	27	3	6320277.0	1241380.26	13183.83	6320.277	63202.77	124919.37	186002.01	246451.14	305010.36	363569.58	422128.8	479850.48	537387.48	594661.95	641646.99	676037.07	707385.15	738570.42	769755.69	800940.96	832126.23	863311.5	894496.77	925682.04	956867.31	988052.58	1019237.85	1050423.12	1081608.39	1112793.66	1143978.93	1175164.2	1206349.47	1225582.56	1227103.02	1228623.48	1230143.94	1231664.4	1233184.86	1234705.32	1236225.78	1237746.24	1239266.7	1240787.16	1241380.26	1241380.26	1241380.26	1241380.26	1241380.26	1241380.26	1241380.26	1241380.26	1241380.26	1241380.26	1241380.26	1241380.26	1241380.26	1241380.26	1241380.26	1241380.26	1241380.26	1241380.26	1241380.26
30337	35604	5967	1	8	2	49	[117000]	3.45501461356	26	3	6046533.0	1233611.37	503.01	6046.533	60465.33	120930.66	181395.99	241326.09	299406.78	357487.47	415568.16	472811.31	529869.78	586893.06	633878.1	668268.18	699616.26	730801.53	761986.8	793172.07	824357.34	855542.61	886727.88	917913.15	949098.42	980283.69	1011468.96	1042654.23	1073839.5	1105024.77	1136210.04	1167395.31	1198580.58	1217813.67	1219334.13	1220854.59	1222375.05	1223895.51	1225415.97	1226936.43	1228456.89	1229977.35	1231497.81	1233018.27	1233611.37	1233611.37	1233611.37	1233611.37	1233611.37	1233611.37	1233611.37	1233611.37	1233611.37	1233611.37	1233611.37	1233611.37	1233611.37	1233611.37	1233611.37	1233611.37	1233611.37	1233611.37	1233611.37
30339	90810	30159	1	9	2	17	[117000]	1.16425247265	11	2	2513529.0	740624.76	7030.44	2513.529	25135.29	50270.58	75373.29	100394.46	125415.63	150436.8	175457.97	200479.14	225500.31	250521.48	275542.65	300563.82	325584.99	350606.16	375627.33	400648.5	425669.67	450690.84	475712.01	500733.18	525754.35	550775.52	575796.69	600817.86	625839.03	650860.2	675881.37	700902.54	725923.71	740624.76	740624.76	740624.76	740624.76	740624.76	740624.76	740624.76	740624.76	740624.76	740624.76	740624.76	740624.76	740624.76	740624.76	740624.76	740624.76	740624.76	740624.76	740624.76	740624.76	740624.76	740624.76	740624.76	740624.76	740624.76	740624.76	740624.76	740624.76	740624.76	740624.76
30343	13752	1476	1	10	0	0	[117000]	0.0	1	1	0.0	0.0	205.11	0.0	0.0	0.0	0.0	0.0	0.0	0.0	0.0	0.0	0.0	0.0	0.0	0.0	0.0	0.0	0.0	0.0	0.0	0.0	0.0	0.0	0.0	0.0	0.0	0.0	0.0	0.0	0.0	0.0	0.0	0.0	0.0	0.0	0.0	0.0	0.0	0.0	0.0	0.0	0.0	0.0	0.0	0.0	0.0	0.0	0.0	0.0	0.0	0.0	0.0	0.0	0.0	0.0	0.0	0.0	0.0	0.0	0.0	0.0	0.0
30344	11412	2151	1	10	0	0	[117000]	0.0	1	1	0.0	0.0	309.78	0.0	0.0	0.0	0.0	0.0	0.0	0.0	0.0	0.0	0.0	0.0	0.0	0.0	0.0	0.0	0.0	0.0	0.0	0.0	0.0	0.0	0.0	0.0	0.0	0.0	0.0	0.0	0.0	0.0	0.0	0.0	0.0	0.0	0.0	0.0	0.0	0.0	0.0	0.0	0.0	0.0	0.0	0.0	0.0	0.0	0.0	0.0	0.0	0.0	0.0	0.0	0.0	0.0	0.0	0.0	0.0	0.0	0.0	0.0	0.0
30346	5805	1359	1	10	0	0	[117000]	0.0	1	1	0.0	0.0	190.35	0.0	0.0	0.0	0.0	0.0	0.0	0.0	0.0	0.0	0.0	0.0	0.0	0.0	0.0	0.0	0.0	0.0	0.0	0.0	0.0	0.0	0.0	0.0	0.0	0.0	0.0	0.0	0.0	0.0	0.0	0.0	0.0	0.0	0.0	0.0	0.0	0.0	0.0	0.0	0.0	0.0	0.0	0.0	0.0	0.0	0.0	0.0	0.0	0.0	0.0	0.0	0.0	0.0	0.0	0.0	0.0	0.0	0.0	0.0	0.0
30487	5211	504	1	14	0	0	[117000]	0.0	1	1	0.0	0.0	35.1	0.0	0.0	0.0	0.0	0.0	0.0	0.0	0.0	0.0	0.0	0.0	0.0	0.0	0.0	0.0	0.0	0.0	0.0	0.0	0.0	0.0	0.0	0.0	0.0	0.0	0.0	0.0	0.0	0.0	0.0	0.0	0.0	0.0	0.0	0.0	0.0	0.0	0.0	0.0	0.0	0.0	0.0	0.0	0.0	0.0	0.0	0.0	0.0	0.0	0.0	0.0	0.0	0.0	0.0	0.0	0.0	0.0	0.0	0.0	0.0
30352	21996	4239	1	11	0	0	[117000]	0.0	1	1	0.0	0.0	830.52	0.0	0.0	0.0	0.0	0.0	0.0	0.0	0.0	0.0	0.0	0.0	0.0	0.0	0.0	0.0	0.0	0.0	0.0	0.0	0.0	0.0	0.0	0.0	0.0	0.0	0.0	0.0	0.0	0.0	0.0	0.0	0.0	0.0	0.0	0.0	0.0	0.0	0.0	0.0	0.0	0.0	0.0	0.0	0.0	0.0	0.0	0.0	0.0	0.0	0.0	0.0	0.0	0.0	0.0	0.0	0.0	0.0	0.0	0.0	0.0
30354	157671	4248	1	3	0	0	[117000]	0.0	1	1	0.0	0.0	119.88	0.0	0.0	0.0	0.0	0.0	0.0	0.0	0.0	0.0	0.0	0.0	0.0	0.0	0.0	0.0	0.0	0.0	0.0	0.0	0.0	0.0	0.0	0.0	0.0	0.0	0.0	0.0	0.0	0.0	0.0	0.0	0.0	0.0	0.0	0.0	0.0	0.0	0.0	0.0	0.0	0.0	0.0	0.0	0.0	0.0	0.0	0.0	0.0	0.0	0.0	0.0	0.0	0.0	0.0	0.0	0.0	0.0	0.0	0.0	0.0
30358	218907	37989	1	9	3	30	[117000]	2.17402087308	15	2	3223287.0	477348.3	8607.87	3223.287	32232.87	64395.81	96491.16	128544.66	160581.96	192619.26	224656.56	256693.86	288731.16	320733.27	342697.14	352066.05	358392.96	364557.06	370721.16	376885.26	383049.36	389213.46	395377.56	401541.66	407705.76	413869.86	420033.96	426198.06	432362.16	438526.26	444690.36	450854.46	457018.56	461550.6	463071.06	464591.52	466111.98	467632.44	469152.9	470673.36	472193.82	473714.28	475234.74	476755.2	477348.3	477348.3	477348.3	477348.3	477348.3	477348.3	477348.3	477348.3	477348.3	477348.3	477348.3	477348.3	477348.3	477348.3	477348.3	477348.3	477348.3	477348.3	477348.3
30365	7110	1197	1	4	0	0	[117000]	0.0	1	1	0.0	0.0	101.88	0.0	0.0	0.0	0.0	0.0	0.0	0.0	0.0	0.0	0.0	0.0	0.0	0.0	0.0	0.0	0.0	0.0	0.0	0.0	0.0	0.0	0.0	0.0	0.0	0.0	0.0	0.0	0.0	0.0	0.0	0.0	0.0	0.0	0.0	0.0	0.0	0.0	0.0	0.0	0.0	0.0	0.0	0.0	0.0	0.0	0.0	0.0	0.0	0.0	0.0	0.0	0.0	0.0	0.0	0.0	0.0	0.0	0.0	0.0	0.0
116933	42966	6291	1	1	0	0	[117000]	0.0	1	1	0.0	0.0	1327.59	0.0	0.0	0.0	0.0	0.0	0.0	0.0	0.0	0.0	0.0	0.0	0.0	0.0	0.0	0.0	0.0	0.0	0.0	0.0	0.0	0.0	0.0	0.0	0.0	0.0	0.0	0.0	0.0	0.0	0.0	0.0	0.0	0.0	0.0	0.0	0.0	0.0	0.0	0.0	0.0	0.0	0.0	0.0	0.0	0.0	0.0	0.0	0.0	0.0	0.0	0.0	0.0	0.0	0.0	0.0	0.0	0.0	0.0	0.0	0.0
30368	24345	6435	1	11	0	0	[117000]	0.0	1	1	0.0	0.0	1260.0	0.0	0.0	0.0	0.0	0.0	0.0	0.0	0.0	0.0	0.0	0.0	0.0	0.0	0.0	0.0	0.0	0.0	0.0	0.0	0.0	0.0	0.0	0.0	0.0	0.0	0.0	0.0	0.0	0.0	0.0	0.0	0.0	0.0	0.0	0.0	0.0	0.0	0.0	0.0	0.0	0.0	0.0	0.0	0.0	0.0	0.0	0.0	0.0	0.0	0.0	0.0	0.0	0.0	0.0	0.0	0.0	0.0	0.0	0.0	0.0
30370	14787	2160	1	3	1	1	[117000]	0.0143291139241	1	1	7110.0	101.88	214.2	7.11	71.1	101.88	101.88	101.88	101.88	101.88	101.88	101.88	101.88	101.88	101.88	101.88	101.88	101.88	101.88	101.88	101.88	101.88	101.88	101.88	101.88	101.88	101.88	101.88	101.88	101.88	101.88	101.88	101.88	101.88	101.88	101.88	101.88	101.88	101.88	101.88	101.88	101.88	101.88	101.88	101.88	101.88	101.88	101.88	101.88	101.88	101.88	101.88	101.88	101.88	101.88	101.88	101.88	101.88	101.88	101.88	101.88	101.88	101.88
30372	10611	630	1	5	0	0	[117000]	0.0	1	1	0.0	0.0	52.92	0.0	0.0	0.0	0.0	0.0	0.0	0.0	0.0	0.0	0.0	0.0	0.0	0.0	0.0	0.0	0.0	0.0	0.0	0.0	0.0	0.0	0.0	0.0	0.0	0.0	0.0	0.0	0.0	0.0	0.0	0.0	0.0	0.0	0.0	0.0	0.0	0.0	0.0	0.0	0.0	0.0	0.0	0.0	0.0	0.0	0.0	0.0	0.0	0.0	0.0	0.0	0.0	0.0	0.0	0.0	0.0	0.0	0.0	0.0	0.0
116920	13653	2529	1	5	0	0	[117000]	0.0	1	1	0.0	0.0	350.37	0.0	0.0	0.0	0.0	0.0	0.0	0.0	0.0	0.0	0.0	0.0	0.0	0.0	0.0	0.0	0.0	0.0	0.0	0.0	0.0	0.0	0.0	0.0	0.0	0.0	0.0	0.0	0.0	0.0	0.0	0.0	0.0	0.0	0.0	0.0	0.0	0.0	0.0	0.0	0.0	0.0	0.0	0.0	0.0	0.0	0.0	0.0	0.0	0.0	0.0	0.0	0.0	0.0	0.0	0.0	0.0	0.0	0.0	0.0	0.0
116903	11925	2187	1	5	0	0	[117000]	0.0	1	1	0.0	0.0	299.25	0.0	0.0	0.0	0.0	0.0	0.0	0.0	0.0	0.0	0.0	0.0	0.0	0.0	0.0	0.0	0.0	0.0	0.0	0.0	0.0	0.0	0.0	0.0	0.0	0.0	0.0	0.0	0.0	0.0	0.0	0.0	0.0	0.0	0.0	0.0	0.0	0.0	0.0	0.0	0.0	0.0	0.0	0.0	0.0	0.0	0.0	0.0	0.0	0.0	0.0	0.0	0.0	0.0	0.0	0.0	0.0	0.0	0.0	0.0	0.0
30376	23769	8172	1	11	0	0	[117000]	0.0	1	1	0.0	0.0	2246.67	0.0	0.0	0.0	0.0	0.0	0.0	0.0	0.0	0.0	0.0	0.0	0.0	0.0	0.0	0.0	0.0	0.0	0.0	0.0	0.0	0.0	0.0	0.0	0.0	0.0	0.0	0.0	0.0	0.0	0.0	0.0	0.0	0.0	0.0	0.0	0.0	0.0	0.0	0.0	0.0	0.0	0.0	0.0	0.0	0.0	0.0	0.0	0.0	0.0	0.0	0.0	0.0	0.0	0.0	0.0	0.0	0.0	0.0	0.0	0.0
30523	12141	1260	1	7	1	1	[117000]	0.0028545941124	1	1	10089.0	28.8	91.08	10.089	28.8	28.8	28.8	28.8	28.8	28.8	28.8	28.8	28.8	28.8	28.8	28.8	28.8	28.8	28.8	28.8	28.8	28.8	28.8	28.8	28.8	28.8	28.8	28.8	28.8	28.8	28.8	28.8	28.8	28.8	28.8	28.8	28.8	28.8	28.8	28.8	28.8	28.8	28.8	28.8	28.8	28.8	28.8	28.8	28.8	28.8	28.8	28.8	28.8	28.8	28.8	28.8	28.8	28.8	28.8	28.8	28.8	28.8	28.8
30378	37710	3798	1	3	3	39	[117000]	1.9117863623	19	2	3825990.0	421595.82	87.12	3825.99	37603.26	72752.31	107262.27	140711.4	174008.43	207209.88	240346.71	254942.46	268691.22	282439.98	296188.74	309937.5	322549.29	335079.675	347610.06	360140.445	372670.83	385201.215	397731.6	409038.39	410210.73	411383.07	412555.41	413727.75	414900.09	416072.43	417244.77	418417.11	419589.45	420761.79	421595.82	421595.82	421595.82	421595.82	421595.82	421595.82	421595.82	421595.82	421595.82	421595.82	421595.82	421595.82	421595.82	421595.82	421595.82	421595.82	421595.82	421595.82	421595.82	421595.82	421595.82	421595.82	421595.82	421595.82	421595.82	421595.82	421595.82	421595.82	421595.82
29869	13869	3429	1	8	0	0	[117000]	0.0	1	1	0.0	0.0	438.48	0.0	0.0	0.0	0.0	0.0	0.0	0.0	0.0	0.0	0.0	0.0	0.0	0.0	0.0	0.0	0.0	0.0	0.0	0.0	0.0	0.0	0.0	0.0	0.0	0.0	0.0	0.0	0.0	0.0	0.0	0.0	0.0	0.0	0.0	0.0	0.0	0.0	0.0	0.0	0.0	0.0	0.0	0.0	0.0	0.0	0.0	0.0	0.0	0.0	0.0	0.0	0.0	0.0	0.0	0.0	0.0	0.0	0.0	0.0	0.0
30382	1550673	824625	1	10	10	15	[117000]	0.712768401031	10	2	951444.0	82304.01	658010.97	951.444	9226.08	17614.71	25357.32	31658.4	37746.9	43074.81	46108.08	49141.35	52174.62	55077.66	57873.24	60668.82	63464.4	66259.98	69055.56	71851.14	74646.72	77442.3	80237.88	82304.01	82304.01	82304.01	82304.01	82304.01	82304.01	82304.01	82304.01	82304.01	82304.01	82304.01	82304.01	82304.01	82304.01	82304.01	82304.01	82304.01	82304.01	82304.01	82304.01	82304.01	82304.01	82304.01	82304.01	82304.01	82304.01	82304.01	82304.01	82304.01	82304.01	82304.01	82304.01	82304.01	82304.01	82304.01	82304.01	82304.01	82304.01	82304.01	82304.01
30493	56718	1017	1	8	2	19	[117000]	1.41316411302	8	2	1518480.0	279357.93	103.05	1518.48	15184.8	29389.5	43427.25	57465.0	71458.29	85207.05	98955.81	112704.57	126453.33	140202.09	153950.85	167699.61	180311.4	192841.785	205372.17	217902.555	230432.94	242963.325	255493.71	266800.5	267972.84	269145.18	270317.52	271489.86	272662.2	273834.54	275006.88	276179.22	277351.56	278523.9	279357.93	279357.93	279357.93	279357.93	279357.93	279357.93	279357.93	279357.93	279357.93	279357.93	279357.93	279357.93	279357.93	279357.93	279357.93	279357.93	279357.93	279357.93	279357.93	279357.93	279357.93	279357.93	279357.93	279357.93	279357.93	279357.93	279357.93	279357.93	279357.93
30385	105984	5283	1	4	3	3	[117000]	0.0972100003785	3	2	197577.0	2815.11	447.03	197.577	1931.94	2168.01	2404.08	2590.29	2750.49	2815.11	2815.11	2815.11	2815.11	2815.11	2815.11	2815.11	2815.11	2815.11	2815.11	2815.11	2815.11	2815.11	2815.11	2815.11	2815.11	2815.11	2815.11	2815.11	2815.11	2815.11	2815.11	2815.11	2815.11	2815.11	2815.11	2815.11	2815.11	2815.11	2815.11	2815.11	2815.11	2815.11	2815.11	2815.11	2815.11	2815.11	2815.11	2815.11	2815.11	2815.11	2815.11	2815.11	2815.11	2815.11	2815.11	2815.11	2815.11	2815.11	2815.11	2815.11	2815.11	2815.11	2815.11
30387	108315	3222	1	12	1	1	[117000]	0.0188666999501	1	1	18027.0	340.11	371.52	18.027	180.27	340.11	340.11	340.11	340.11	340.11	340.11	340.11	340.11	340.11	340.11	340.11	340.11	340.11	340.11	340.11	340.11	340.11	340.11	340.11	340.11	340.11	340.11	340.11	340.11	340.11	340.11	340.11	340.11	340.11	340.11	340.11	340.11	340.11	340.11	340.11	340.11	340.11	340.11	340.11	340.11	340.11	340.11	340.11	340.11	340.11	340.11	340.11	340.11	340.11	340.11	340.11	340.11	340.11	340.11	340.11	340.11	340.11	340.11
29876	7137	1017	1	7	0	0	[117000]	0.0	1	1	0.0	0.0	93.96	0.0	0.0	0.0	0.0	0.0	0.0	0.0	0.0	0.0	0.0	0.0	0.0	0.0	0.0	0.0	0.0	0.0	0.0	0.0	0.0	0.0	0.0	0.0	0.0	0.0	0.0	0.0	0.0	0.0	0.0	0.0	0.0	0.0	0.0	0.0	0.0	0.0	0.0	0.0	0.0	0.0	0.0	0.0	0.0	0.0	0.0	0.0	0.0	0.0	0.0	0.0	0.0	0.0	0.0	0.0	0.0	0.0	0.0	0.0	0.0
30390	119916	17082	1	3	2	3	[117000]	0.256353280492	2	2	260721.0	55472.31	4586.94	260.721	2607.21	5194.17	7669.35	10144.53	12619.71	15094.89	17570.07	20045.25	22520.43	24995.61	27470.79	29945.97	32421.15	34896.33	37371.51	39846.69	42321.87	44797.05	47272.23	49747.41	52222.59	54697.77	55472.31	55472.31	55472.31	55472.31	55472.31	55472.31	55472.31	55472.31	55472.31	55472.31	55472.31	55472.31	55472.31	55472.31	55472.31	55472.31	55472.31	55472.31	55472.31	55472.31	55472.31	55472.31	55472.31	55472.31	55472.31	55472.31	55472.31	55472.31	55472.31	55472.31	55472.31	55472.31	55472.31	55472.31	55472.31	55472.31	55472.31
30391	95040	9792	2	4	2	33	[117000]	1.77463224041	15	2	3321270.0	413460.54	1589.49	3321.27	33212.7	66425.4	99638.1	132800.94	165937.77	199074.6	232211.43	246807.18	260555.94	274304.7	288053.46	301802.22	314414.01	326944.395	339474.78	352005.165	364535.55	377065.935	389596.32	400903.11	402075.45	403247.79	404420.13	405592.47	406764.81	407937.15	409109.49	410281.83	411454.17	412626.51	413460.54	413460.54	413460.54	413460.54	413460.54	413460.54	413460.54	413460.54	413460.54	413460.54	413460.54	413460.54	413460.54	413460.54	413460.54	413460.54	413460.54	413460.54	413460.54	413460.54	413460.54	413460.54	413460.54	413460.54	413460.54	413460.54	413460.54	413460.54	413460.54
29880	88083	17424	1	8	0	0	[117000]	0.0	1	1	0.0	0.0	3650.94	0.0	0.0	0.0	0.0	0.0	0.0	0.0	0.0	0.0	0.0	0.0	0.0	0.0	0.0	0.0	0.0	0.0	0.0	0.0	0.0	0.0	0.0	0.0	0.0	0.0	0.0	0.0	0.0	0.0	0.0	0.0	0.0	0.0	0.0	0.0	0.0	0.0	0.0	0.0	0.0	0.0	0.0	0.0	0.0	0.0	0.0	0.0	0.0	0.0	0.0	0.0	0.0	0.0	0.0	0.0	0.0	0.0	0.0	0.0	0.0
30397	235701	84753	1	10	3	27	[117000]	1.99038528334	13	2	2968029.0	444914.01	32038.83	2968.029	29680.29	59360.58	88963.38	118051.02	147138.66	176226.3	205313.94	233769.42	261034.2	288298.98	310262.85	319631.76	325958.67	332122.77	338286.87	344450.97	350615.07	356779.17	362943.27	369107.37	375271.47	381435.57	387599.67	393763.77	399927.87	406091.97	412256.07	418420.17	424584.27	429116.31	430636.77	432157.23	433677.69	435198.15	436718.61	438239.07	439759.53	441279.99	442800.45	444320.91	444914.01	444914.01	444914.01	444914.01	444914.01	444914.01	444914.01	444914.01	444914.01	444914.01	444914.01	444914.01	444914.01	444914.01	444914.01	444914.01	444914.01	444914.01	444914.01
30398	13203	1863	1	4	0	0	[117000]	0.0	1	1	0.0	0.0	243.81	0.0	0.0	0.0	0.0	0.0	0.0	0.0	0.0	0.0	0.0	0.0	0.0	0.0	0.0	0.0	0.0	0.0	0.0	0.0	0.0	0.0	0.0	0.0	0.0	0.0	0.0	0.0	0.0	0.0	0.0	0.0	0.0	0.0	0.0	0.0	0.0	0.0	0.0	0.0	0.0	0.0	0.0	0.0	0.0	0.0	0.0	0.0	0.0	0.0	0.0	0.0	0.0	0.0	0.0	0.0	0.0	0.0	0.0	0.0	0.0
30399	18027	2862	1	13	0	0	[117000]	0.0	1	1	0.0	0.0	340.11	0.0	0.0	0.0	0.0	0.0	0.0	0.0	0.0	0.0	0.0	0.0	0.0	0.0	0.0	0.0	0.0	0.0	0.0	0.0	0.0	0.0	0.0	0.0	0.0	0.0	0.0	0.0	0.0	0.0	0.0	0.0	0.0	0.0	0.0	0.0	0.0	0.0	0.0	0.0	0.0	0.0	0.0	0.0	0.0	0.0	0.0	0.0	0.0	0.0	0.0	0.0	0.0	0.0	0.0	0.0	0.0	0.0	0.0	0.0	0.0
30400	68670	19206	1	4	1	1	[117000]	0.00266986410871	1	1	45036.0	120.24	3417.03	45.036	120.24	120.24	120.24	120.24	120.24	120.24	120.24	120.24	120.24	120.24	120.24	120.24	120.24	120.24	120.24	120.24	120.24	120.24	120.24	120.24	120.24	120.24	120.24	120.24	120.24	120.24	120.24	120.24	120.24	120.24	120.24	120.24	120.24	120.24	120.24	120.24	120.24	120.24	120.24	120.24	120.24	120.24	120.24	120.24	120.24	120.24	120.24	120.24	120.24	120.24	120.24	120.24	120.24	120.24	120.24	120.24	120.24	120.24	120.24
30402	45036	1917	1	5	0	0	[117000]	0.0	1	1	0.0	0.0	120.24	0.0	0.0	0.0	0.0	0.0	0.0	0.0	0.0	0.0	0.0	0.0	0.0	0.0	0.0	0.0	0.0	0.0	0.0	0.0	0.0	0.0	0.0	0.0	0.0	0.0	0.0	0.0	0.0	0.0	0.0	0.0	0.0	0.0	0.0	0.0	0.0	0.0	0.0	0.0	0.0	0.0	0.0	0.0	0.0	0.0	0.0	0.0	0.0	0.0	0.0	0.0	0.0	0.0	0.0	0.0	0.0	0.0	0.0	0.0	0.0
30403	7047	1386	1	14	0	0	[117000]	0.0	1	1	0.0	0.0	124.2	0.0	0.0	0.0	0.0	0.0	0.0	0.0	0.0	0.0	0.0	0.0	0.0	0.0	0.0	0.0	0.0	0.0	0.0	0.0	0.0	0.0	0.0	0.0	0.0	0.0	0.0	0.0	0.0	0.0	0.0	0.0	0.0	0.0	0.0	0.0	0.0	0.0	0.0	0.0	0.0	0.0	0.0	0.0	0.0	0.0	0.0	0.0	0.0	0.0	0.0	0.0	0.0	0.0	0.0	0.0	0.0	0.0	0.0	0.0	0.0
30405	10989	2385	1	11	1	3	[117000]	0.0796037446126	1	1	48276.0	1410.39	290.07	48.276	482.76	965.52	1410.39	1410.39	1410.39	1410.39	1410.39	1410.39	1410.39	1410.39	1410.39	1410.39	1410.39	1410.39	1410.39	1410.39	1410.39	1410.39	1410.39	1410.39	1410.39	1410.39	1410.39	1410.39	1410.39	1410.39	1410.39	1410.39	1410.39	1410.39	1410.39	1410.39	1410.39	1410.39	1410.39	1410.39	1410.39	1410.39	1410.39	1410.39	1410.39	1410.39	1410.39	1410.39	1410.39	1410.39	1410.39	1410.39	1410.39	1410.39	1410.39	1410.39	1410.39	1410.39	1410.39	1410.39	1410.39	1410.39	1410.39
30407	16020	5049	1	5	0	0	[117000]	0.0	1	1	0.0	0.0	865.62	0.0	0.0	0.0	0.0	0.0	0.0	0.0	0.0	0.0	0.0	0.0	0.0	0.0	0.0	0.0	0.0	0.0	0.0	0.0	0.0	0.0	0.0	0.0	0.0	0.0	0.0	0.0	0.0	0.0	0.0	0.0	0.0	0.0	0.0	0.0	0.0	0.0	0.0	0.0	0.0	0.0	0.0	0.0	0.0	0.0	0.0	0.0	0.0	0.0	0.0	0.0	0.0	0.0	0.0	0.0	0.0	0.0	0.0	0.0	0.0
30408	22176	4005	1	12	1	2	[117000]	0.0458862121451	1	1	26100.0	662.67	747.72	26.1	261.0	522.0	662.67	662.67	662.67	662.67	662.67	662.67	662.67	662.67	662.67	662.67	662.67	662.67	662.67	662.67	662.67	662.67	662.67	662.67	662.67	662.67	662.67	662.67	662.67	662.67	662.67	662.67	662.67	662.67	662.67	662.67	662.67	662.67	662.67	662.67	662.67	662.67	662.67	662.67	662.67	662.67	662.67	662.67	662.67	662.67	662.67	662.67	662.67	662.67	662.67	662.67	662.67	662.67	662.67	662.67	662.67	662.67	662.67
29897	726201	208035	1	7	3	3	[117000]	0.109958446814	3	2	127449.0	5030.1	80695.8	127.449	1274.49	2548.98	3823.47	4902.48	5030.1	5030.1	5030.1	5030.1	5030.1	5030.1	5030.1	5030.1	5030.1	5030.1	5030.1	5030.1	5030.1	5030.1	5030.1	5030.1	5030.1	5030.1	5030.1	5030.1	5030.1	5030.1	5030.1	5030.1	5030.1	5030.1	5030.1	5030.1	5030.1	5030.1	5030.1	5030.1	5030.1	5030.1	5030.1	5030.1	5030.1	5030.1	5030.1	5030.1	5030.1	5030.1	5030.1	5030.1	5030.1	5030.1	5030.1	5030.1	5030.1	5030.1	5030.1	5030.1	5030.1	5030.1	5030.1
30411	9297	1305	1	6	0	0	[117000]	0.0	1	1	0.0	0.0	103.14	0.0	0.0	0.0	0.0	0.0	0.0	0.0	0.0	0.0	0.0	0.0	0.0	0.0	0.0	0.0	0.0	0.0	0.0	0.0	0.0	0.0	0.0	0.0	0.0	0.0	0.0	0.0	0.0	0.0	0.0	0.0	0.0	0.0	0.0	0.0	0.0	0.0	0.0	0.0	0.0	0.0	0.0	0.0	0.0	0.0	0.0	0.0	0.0	0.0	0.0	0.0	0.0	0.0	0.0	0.0	0.0	0.0	0.0	0.0	0.0
30413	19053	3339	1	13	1	1	[117000]	0.0176245210728	1	1	7047.0	124.2	538.47	7.047	70.47	124.2	124.2	124.2	124.2	124.2	124.2	124.2	124.2	124.2	124.2	124.2	124.2	124.2	124.2	124.2	124.2	124.2	124.2	124.2	124.2	124.2	124.2	124.2	124.2	124.2	124.2	124.2	124.2	124.2	124.2	124.2	124.2	124.2	124.2	124.2	124.2	124.2	124.2	124.2	124.2	124.2	124.2	124.2	124.2	124.2	124.2	124.2	124.2	124.2	124.2	124.2	124.2	124.2	124.2	124.2	124.2	124.2	124.2
30388	148482	42264	1	11	1	2	[117000]	0.0222966957955	1	1	126342.0	711.63	15281.46	126.342	551.79	711.63	711.63	711.63	711.63	711.63	711.63	711.63	711.63	711.63	711.63	711.63	711.63	711.63	711.63	711.63	711.63	711.63	711.63	711.63	711.63	711.63	711.63	711.63	711.63	711.63	711.63	711.63	711.63	711.63	711.63	711.63	711.63	711.63	711.63	711.63	711.63	711.63	711.63	711.63	711.63	711.63	711.63	711.63	711.63	711.63	711.63	711.63	711.63	711.63	711.63	711.63	711.63	711.63	711.63	711.63	711.63	711.63	711.63
30420	236907	77463	1	4	1	1	[117000]	0.00498727735369	1	1	10611.0	52.92	55175.58	10.611	52.92	52.92	52.92	52.92	52.92	52.92	52.92	52.92	52.92	52.92	52.92	52.92	52.92	52.92	52.92	52.92	52.92	52.92	52.92	52.92	52.92	52.92	52.92	52.92	52.92	52.92	52.92	52.92	52.92	52.92	52.92	52.92	52.92	52.92	52.92	52.92	52.92	52.92	52.92	52.92	52.92	52.92	52.92	52.92	52.92	52.92	52.92	52.92	52.92	52.92	52.92	52.92	52.92	52.92	52.92	52.92	52.92	52.92	52.92
30423	182286	36153	1	11	1	1	[117000]	0.403900793181	1	1	152046.0	61411.5	13950.72	152.046	1520.46	3040.92	4561.38	6081.84	7602.3	9122.76	10643.22	12163.68	13684.14	15204.6	16725.06	18245.52	19765.98	21286.44	22806.9	24327.36	25847.82	27368.28	28888.74	30409.2	31929.66	33450.12	34970.58	36491.04	38011.5	39531.96	41052.42	42572.88	44093.34	45613.8	47134.26	48654.72	50175.18	51695.64	53216.1	54736.56	56257.02	57777.48	59297.94	60818.4	61411.5	61411.5	61411.5	61411.5	61411.5	61411.5	61411.5	61411.5	61411.5	61411.5	61411.5	61411.5	61411.5	61411.5	61411.5	61411.5	61411.5	61411.5	61411.5
30431	27972	3816	1	14	0	0	[117000]	0.0	1	1	0.0	0.0	476.91	0.0	0.0	0.0	0.0	0.0	0.0	0.0	0.0	0.0	0.0	0.0	0.0	0.0	0.0	0.0	0.0	0.0	0.0	0.0	0.0	0.0	0.0	0.0	0.0	0.0	0.0	0.0	0.0	0.0	0.0	0.0	0.0	0.0	0.0	0.0	0.0	0.0	0.0	0.0	0.0	0.0	0.0	0.0	0.0	0.0	0.0	0.0	0.0	0.0	0.0	0.0	0.0	0.0	0.0	0.0	0.0	0.0	0.0	0.0	0.0
30435	173970	10008	1	5	0	0	[117000]	0.0	1	1	0.0	0.0	1695.87	0.0	0.0	0.0	0.0	0.0	0.0	0.0	0.0	0.0	0.0	0.0	0.0	0.0	0.0	0.0	0.0	0.0	0.0	0.0	0.0	0.0	0.0	0.0	0.0	0.0	0.0	0.0	0.0	0.0	0.0	0.0	0.0	0.0	0.0	0.0	0.0	0.0	0.0	0.0	0.0	0.0	0.0	0.0	0.0	0.0	0.0	0.0	0.0	0.0	0.0	0.0	0.0	0.0	0.0	0.0	0.0	0.0	0.0	0.0	0.0
29924	41454	4050	1	7	0	0	[117000]	0.0	1	1	0.0	0.0	727.11	0.0	0.0	0.0	0.0	0.0	0.0	0.0	0.0	0.0	0.0	0.0	0.0	0.0	0.0	0.0	0.0	0.0	0.0	0.0	0.0	0.0	0.0	0.0	0.0	0.0	0.0	0.0	0.0	0.0	0.0	0.0	0.0	0.0	0.0	0.0	0.0	0.0	0.0	0.0	0.0	0.0	0.0	0.0	0.0	0.0	0.0	0.0	0.0	0.0	0.0	0.0	0.0	0.0	0.0	0.0	0.0	0.0	0.0	0.0	0.0
30443	12006	1395	1	12	1	2	[117000]	0.190189417948	1	1	81315.0	9712.71	122.04	81.315	813.15	1626.3	2439.45	3252.6	4065.75	4878.9	5692.05	6505.2	7318.35	8131.5	8944.65	9712.71	9712.71	9712.71	9712.71	9712.71	9712.71	9712.71	9712.71	9712.71	9712.71	9712.71	9712.71	9712.71	9712.71	9712.71	9712.71	9712.71	9712.71	9712.71	9712.71	9712.71	9712.71	9712.71	9712.71	9712.71	9712.71	9712.71	9712.71	9712.71	9712.71	9712.71	9712.71	9712.71	9712.71	9712.71	9712.71	9712.71	9712.71	9712.71	9712.71	9712.71	9712.71	9712.71	9712.71	9712.71	9712.71	9712.71	9712.71
30445	53343	22545	1	13	1	1	[117000]	0.0170495495495	1	1	27972.0	476.91	9235.8	27.972	279.72	476.91	476.91	476.91	476.91	476.91	476.91	476.91	476.91	476.91	476.91	476.91	476.91	476.91	476.91	476.91	476.91	476.91	476.91	476.91	476.91	476.91	476.91	476.91	476.91	476.91	476.91	476.91	476.91	476.91	476.91	476.91	476.91	476.91	476.91	476.91	476.91	476.91	476.91	476.91	476.91	476.91	476.91	476.91	476.91	476.91	476.91	476.91	476.91	476.91	476.91	476.91	476.91	476.91	476.91	476.91	476.91	476.91	476.91
116776	14463	1926	1	4	0	0	[117000]	0.0	1	1	0.0	0.0	190.26	0.0	0.0	0.0	0.0	0.0	0.0	0.0	0.0	0.0	0.0	0.0	0.0	0.0	0.0	0.0	0.0	0.0	0.0	0.0	0.0	0.0	0.0	0.0	0.0	0.0	0.0	0.0	0.0	0.0	0.0	0.0	0.0	0.0	0.0	0.0	0.0	0.0	0.0	0.0	0.0	0.0	0.0	0.0	0.0	0.0	0.0	0.0	0.0	0.0	0.0	0.0	0.0	0.0	0.0	0.0	0.0	0.0	0.0	0.0	0.0
29939	40554	10458	1	7	0	0	[117000]	0.0	1	1	0.0	0.0	2486.25	0.0	0.0	0.0	0.0	0.0	0.0	0.0	0.0	0.0	0.0	0.0	0.0	0.0	0.0	0.0	0.0	0.0	0.0	0.0	0.0	0.0	0.0	0.0	0.0	0.0	0.0	0.0	0.0	0.0	0.0	0.0	0.0	0.0	0.0	0.0	0.0	0.0	0.0	0.0	0.0	0.0	0.0	0.0	0.0	0.0	0.0	0.0	0.0	0.0	0.0	0.0	0.0	0.0	0.0	0.0	0.0	0.0	0.0	0.0	0.0
30454	33039	1998	1	12	0	0	[117000]	0.0	1	1	0.0	0.0	189.72	0.0	0.0	0.0	0.0	0.0	0.0	0.0	0.0	0.0	0.0	0.0	0.0	0.0	0.0	0.0	0.0	0.0	0.0	0.0	0.0	0.0	0.0	0.0	0.0	0.0	0.0	0.0	0.0	0.0	0.0	0.0	0.0	0.0	0.0	0.0	0.0	0.0	0.0	0.0	0.0	0.0	0.0	0.0	0.0	0.0	0.0	0.0	0.0	0.0	0.0	0.0	0.0	0.0	0.0	0.0	0.0	0.0	0.0	0.0	0.0
29943	50661	8856	1	10	1	1	[117000]	0.00759487882945	1	1	19683.0	149.49	886.14	19.683	149.49	149.49	149.49	149.49	149.49	149.49	149.49	149.49	149.49	149.49	149.49	149.49	149.49	149.49	149.49	149.49	149.49	149.49	149.49	149.49	149.49	149.49	149.49	149.49	149.49	149.49	149.49	149.49	149.49	149.49	149.49	149.49	149.49	149.49	149.49	149.49	149.49	149.49	149.49	149.49	149.49	149.49	149.49	149.49	149.49	149.49	149.49	149.49	149.49	149.49	149.49	149.49	149.49	149.49	149.49	149.49	149.49	149.49	149.49
30457	152046	82458	1	12	0	0	[117000]	0.0	1	1	0.0	0.0	61411.5	0.0	0.0	0.0	0.0	0.0	0.0	0.0	0.0	0.0	0.0	0.0	0.0	0.0	0.0	0.0	0.0	0.0	0.0	0.0	0.0	0.0	0.0	0.0	0.0	0.0	0.0	0.0	0.0	0.0	0.0	0.0	0.0	0.0	0.0	0.0	0.0	0.0	0.0	0.0	0.0	0.0	0.0	0.0	0.0	0.0	0.0	0.0	0.0	0.0	0.0	0.0	0.0	0.0	0.0	0.0	0.0	0.0	0.0	0.0	0.0
29946	64242	7416	1	5	0	0	[117000]	0.0	1	1	0.0	0.0	801.81	0.0	0.0	0.0	0.0	0.0	0.0	0.0	0.0	0.0	0.0	0.0	0.0	0.0	0.0	0.0	0.0	0.0	0.0	0.0	0.0	0.0	0.0	0.0	0.0	0.0	0.0	0.0	0.0	0.0	0.0	0.0	0.0	0.0	0.0	0.0	0.0	0.0	0.0	0.0	0.0	0.0	0.0	0.0	0.0	0.0	0.0	0.0	0.0	0.0	0.0	0.0	0.0	0.0	0.0	0.0	0.0	0.0	0.0	0.0	0.0
29950	56214	16857	1	7	0	0	[117000]	0.0	1	1	0.0	0.0	5989.41	0.0	0.0	0.0	0.0	0.0	0.0	0.0	0.0	0.0	0.0	0.0	0.0	0.0	0.0	0.0	0.0	0.0	0.0	0.0	0.0	0.0	0.0	0.0	0.0	0.0	0.0	0.0	0.0	0.0	0.0	0.0	0.0	0.0	0.0	0.0	0.0	0.0	0.0	0.0	0.0	0.0	0.0	0.0	0.0	0.0	0.0	0.0	0.0	0.0	0.0	0.0	0.0	0.0	0.0	0.0	0.0	0.0	0.0	0.0	0.0
29951	5382	540	1	9	1	2	[117000]	0.0250864403857	1	1	70344.0	1035.63	40.59	70.344	703.44	1035.63	1035.63	1035.63	1035.63	1035.63	1035.63	1035.63	1035.63	1035.63	1035.63	1035.63	1035.63	1035.63	1035.63	1035.63	1035.63	1035.63	1035.63	1035.63	1035.63	1035.63	1035.63	1035.63	1035.63	1035.63	1035.63	1035.63	1035.63	1035.63	1035.63	1035.63	1035.63	1035.63	1035.63	1035.63	1035.63	1035.63	1035.63	1035.63	1035.63	1035.63	1035.63	1035.63	1035.63	1035.63	1035.63	1035.63	1035.63	1035.63	1035.63	1035.63	1035.63	1035.63	1035.63	1035.63	1035.63	1035.63	1035.63
116992	34803	1971	1	3	0	0	[117000]	0.0	1	1	0.0	0.0	169.29	0.0	0.0	0.0	0.0	0.0	0.0	0.0	0.0	0.0	0.0	0.0	0.0	0.0	0.0	0.0	0.0	0.0	0.0	0.0	0.0	0.0	0.0	0.0	0.0	0.0	0.0	0.0	0.0	0.0	0.0	0.0	0.0	0.0	0.0	0.0	0.0	0.0	0.0	0.0	0.0	0.0	0.0	0.0	0.0	0.0	0.0	0.0	0.0	0.0	0.0	0.0	0.0	0.0	0.0	0.0	0.0	0.0	0.0	0.0	0.0
30466	12771	3285	1	7	0	0	[117000]	0.0	1	1	0.0	0.0	369.99	0.0	0.0	0.0	0.0	0.0	0.0	0.0	0.0	0.0	0.0	0.0	0.0	0.0	0.0	0.0	0.0	0.0	0.0	0.0	0.0	0.0	0.0	0.0	0.0	0.0	0.0	0.0	0.0	0.0	0.0	0.0	0.0	0.0	0.0	0.0	0.0	0.0	0.0	0.0	0.0	0.0	0.0	0.0	0.0	0.0	0.0	0.0	0.0	0.0	0.0	0.0	0.0	0.0	0.0	0.0	0.0	0.0	0.0	0.0	0.0
30468	723771	217548	1	11	5	20	[117000]	1.25000970547	11	2	1850661.0	256432.14	111419.19	1850.661	18365.94	36260.64	54011.34	71762.04	89512.74	105921.72	122045.94	138170.16	149818.77	158573.88	166467.42	174315.87	179122.32	183765.96	188409.6	193053.24	197696.88	202340.52	206984.16	211627.8	216271.44	220915.08	225558.72	230202.36	234846.0	239489.64	244133.28	248776.92	253420.56	256432.14	256432.14	256432.14	256432.14	256432.14	256432.14	256432.14	256432.14	256432.14	256432.14	256432.14	256432.14	256432.14	256432.14	256432.14	256432.14	256432.14	256432.14	256432.14	256432.14	256432.14	256432.14	256432.14	256432.14	256432.14	256432.14	256432.14	256432.14	256432.14	256432.14
29957	19683	1422	1	11	0	0	[117000]	0.0	1	1	0.0	0.0	149.49	0.0	0.0	0.0	0.0	0.0	0.0	0.0	0.0	0.0	0.0	0.0	0.0	0.0	0.0	0.0	0.0	0.0	0.0	0.0	0.0	0.0	0.0	0.0	0.0	0.0	0.0	0.0	0.0	0.0	0.0	0.0	0.0	0.0	0.0	0.0	0.0	0.0	0.0	0.0	0.0	0.0	0.0	0.0	0.0	0.0	0.0	0.0	0.0	0.0	0.0	0.0	0.0	0.0	0.0	0.0	0.0	0.0	0.0	0.0	0.0
117000	268965	64593	0	0	2	223	[117000]	12.1113159659	167	3	25535853.0	3353897.52	18506.07	25535.853	255358.53	510717.06	766075.59	1019496.51	1271437.2	1523377.89	1775318.58	1949057.1	2092856.04	2232799.92	2361350.79	2471445.0	2579566.59	2687151.195	2767746.33	2817022.005	2866208.76	2915395.515	2964582.27	3012545.43	3050374.14	3088202.85	3122714.7	3155072.31	3187429.92	3219787.53	3252145.14	3284502.75	3316860.36	3337265.79	3339620.28	3341140.74	3342661.2	3344181.66	3345702.12	3347222.58	3348743.04	3350263.5	3351783.96	3353304.42	3353897.52	3353897.52	3353897.52	3353897.52	3353897.52	3353897.52	3353897.52	3353897.52	3353897.52	3353897.52	3353897.52	3353897.52	3353897.52	3353897.52	3353897.52	3353897.52	3353897.52	3353897.52	3353897.52
30475	744822	243990	1	5	3	31	[117000]	1.58801180896	14	2	2568861.0	299106.0	114100.92	2568.861	25688.61	49023.0	63175.32	77213.07	91206.36	104955.12	118703.88	132452.64	146201.4	159950.16	173698.92	187447.68	200059.47	212589.855	225120.24	237650.625	250181.01	262711.395	275241.78	286548.57	287720.91	288893.25	290065.59	291237.93	292410.27	293582.61	294754.95	295927.29	297099.63	298271.97	299106.0	299106.0	299106.0	299106.0	299106.0	299106.0	299106.0	299106.0	299106.0	299106.0	299106.0	299106.0	299106.0	299106.0	299106.0	299106.0	299106.0	299106.0	299106.0	299106.0	299106.0	299106.0	299106.0	299106.0	299106.0	299106.0	299106.0	299106.0	299106.0
29964	22014	6957	1	7	0	0	[117000]	0.0	1	1	0.0	0.0	1999.53	0.0	0.0	0.0	0.0	0.0	0.0	0.0	0.0	0.0	0.0	0.0	0.0	0.0	0.0	0.0	0.0	0.0	0.0	0.0	0.0	0.0	0.0	0.0	0.0	0.0	0.0	0.0	0.0	0.0	0.0	0.0	0.0	0.0	0.0	0.0	0.0	0.0	0.0	0.0	0.0	0.0	0.0	0.0	0.0	0.0	0.0	0.0	0.0	0.0	0.0	0.0	0.0	0.0	0.0	0.0	0.0	0.0	0.0	0.0	0.0
29967	54999	13401	1	8	1	3	[117000]	0.0326282464057	1	1	75726.0	1076.22	4023.63	75.726	744.03	1076.22	1076.22	1076.22	1076.22	1076.22	1076.22	1076.22	1076.22	1076.22	1076.22	1076.22	1076.22	1076.22	1076.22	1076.22	1076.22	1076.22	1076.22	1076.22	1076.22	1076.22	1076.22	1076.22	1076.22	1076.22	1076.22	1076.22	1076.22	1076.22	1076.22	1076.22	1076.22	1076.22	1076.22	1076.22	1076.22	1076.22	1076.22	1076.22	1076.22	1076.22	1076.22	1076.22	1076.22	1076.22	1076.22	1076.22	1076.22	1076.22	1076.22	1076.22	1076.22	1076.22	1076.22	1076.22	1076.22	1076.22	1076.22
29968	21222	927	1	6	0	0	[117000]	0.0	1	1	0.0	0.0	79.74	0.0	0.0	0.0	0.0	0.0	0.0	0.0	0.0	0.0	0.0	0.0	0.0	0.0	0.0	0.0	0.0	0.0	0.0	0.0	0.0	0.0	0.0	0.0	0.0	0.0	0.0	0.0	0.0	0.0	0.0	0.0	0.0	0.0	0.0	0.0	0.0	0.0	0.0	0.0	0.0	0.0	0.0	0.0	0.0	0.0	0.0	0.0	0.0	0.0	0.0	0.0	0.0	0.0	0.0	0.0	0.0	0.0	0.0	0.0	0.0
29970	11736	2574	1	8	0	0	[117000]	0.0	1	1	0.0	0.0	232.11	0.0	0.0	0.0	0.0	0.0	0.0	0.0	0.0	0.0	0.0	0.0	0.0	0.0	0.0	0.0	0.0	0.0	0.0	0.0	0.0	0.0	0.0	0.0	0.0	0.0	0.0	0.0	0.0	0.0	0.0	0.0	0.0	0.0	0.0	0.0	0.0	0.0	0.0	0.0	0.0	0.0	0.0	0.0	0.0	0.0	0.0	0.0	0.0	0.0	0.0	0.0	0.0	0.0	0.0	0.0	0.0	0.0	0.0	0.0	0.0
117379	294966	68751	1	4	0	0	[117000]	0.0	1	1	0.0	0.0	28209.42	0.0	0.0	0.0	0.0	0.0	0.0	0.0	0.0	0.0	0.0	0.0	0.0	0.0	0.0	0.0	0.0	0.0	0.0	0.0	0.0	0.0	0.0	0.0	0.0	0.0	0.0	0.0	0.0	0.0	0.0	0.0	0.0	0.0	0.0	0.0	0.0	0.0	0.0	0.0	0.0	0.0	0.0	0.0	0.0	0.0	0.0	0.0	0.0	0.0	0.0	0.0	0.0	0.0	0.0	0.0	0.0	0.0	0.0	0.0	0.0
30553	441639	139410	1	16	1	2	[117000]	0.0703671010431	1	1	22725.0	797.4	136879.74	22.725	227.25	454.5	681.75	797.4	797.4	797.4	797.4	797.4	797.4	797.4	797.4	797.4	797.4	797.4	797.4	797.4	797.4	797.4	797.4	797.4	797.4	797.4	797.4	797.4	797.4	797.4	797.4	797.4	797.4	797.4	797.4	797.4	797.4	797.4	797.4	797.4	797.4	797.4	797.4	797.4	797.4	797.4	797.4	797.4	797.4	797.4	797.4	797.4	797.4	797.4	797.4	797.4	797.4	797.4	797.4	797.4	797.4	797.4	797.4
29975	13680	1719	1	7	0	0	[117000]	0.0	1	1	0.0	0.0	153.27	0.0	0.0	0.0	0.0	0.0	0.0	0.0	0.0	0.0	0.0	0.0	0.0	0.0	0.0	0.0	0.0	0.0	0.0	0.0	0.0	0.0	0.0	0.0	0.0	0.0	0.0	0.0	0.0	0.0	0.0	0.0	0.0	0.0	0.0	0.0	0.0	0.0	0.0	0.0	0.0	0.0	0.0	0.0	0.0	0.0	0.0	0.0	0.0	0.0	0.0	0.0	0.0	0.0	0.0	0.0	0.0	0.0	0.0	0.0	0.0
29976	37701	2007	1	5	2	2	[117000]	0.129021239238	2	2	134478.0	7338.24	239.58	134.478	1344.78	2689.56	4034.34	5379.12	6723.9	7104.33	7241.85	7338.24	7338.24	7338.24	7338.24	7338.24	7338.24	7338.24	7338.24	7338.24	7338.24	7338.24	7338.24	7338.24	7338.24	7338.24	7338.24	7338.24	7338.24	7338.24	7338.24	7338.24	7338.24	7338.24	7338.24	7338.24	7338.24	7338.24	7338.24	7338.24	7338.24	7338.24	7338.24	7338.24	7338.24	7338.24	7338.24	7338.24	7338.24	7338.24	7338.24	7338.24	7338.24	7338.24	7338.24	7338.24	7338.24	7338.24	7338.24	7338.24	7338.24	7338.24	7338.24
30492	494928	86751	1	6	4	28	[117000]	1.52867420135	12	2	1920222.0	282058.65	14087.79	1920.222	17176.86	31975.65	46127.97	60165.72	74159.01	87907.77	101656.53	115405.29	129154.05	142902.81	156651.57	170400.33	183012.12	195542.505	208072.89	220603.275	233133.66	245664.045	258194.43	269501.22	270673.56	271845.9	273018.24	274190.58	275362.92	276535.26	277707.6	278879.94	280052.28	281224.62	282058.65	282058.65	282058.65	282058.65	282058.65	282058.65	282058.65	282058.65	282058.65	282058.65	282058.65	282058.65	282058.65	282058.65	282058.65	282058.65	282058.65	282058.65	282058.65	282058.65	282058.65	282058.65	282058.65	282058.65	282058.65	282058.65	282058.65	282058.65	282058.65
29981	357894	56637	1	4	2	4	[117000]	0.147857064979	3	2	236421.0	8379.63	12706.02	236.421	2226.78	3730.95	5075.73	6420.51	7765.29	8145.72	8283.24	8379.63	8379.63	8379.63	8379.63	8379.63	8379.63	8379.63	8379.63	8379.63	8379.63	8379.63	8379.63	8379.63	8379.63	8379.63	8379.63	8379.63	8379.63	8379.63	8379.63	8379.63	8379.63	8379.63	8379.63	8379.63	8379.63	8379.63	8379.63	8379.63	8379.63	8379.63	8379.63	8379.63	8379.63	8379.63	8379.63	8379.63	8379.63	8379.63	8379.63	8379.63	8379.63	8379.63	8379.63	8379.63	8379.63	8379.63	8379.63	8379.63	8379.63	8379.63	8379.63
30497	113013	25416	1	12	0	0	[117000]	0.0	1	1	0.0	0.0	11032.74	0.0	0.0	0.0	0.0	0.0	0.0	0.0	0.0	0.0	0.0	0.0	0.0	0.0	0.0	0.0	0.0	0.0	0.0	0.0	0.0	0.0	0.0	0.0	0.0	0.0	0.0	0.0	0.0	0.0	0.0	0.0	0.0	0.0	0.0	0.0	0.0	0.0	0.0	0.0	0.0	0.0	0.0	0.0	0.0	0.0	0.0	0.0	0.0	0.0	0.0	0.0	0.0	0.0	0.0	0.0	0.0	0.0	0.0	0.0	0.0
30499	220464	6363	1	7	2	3	[117000]	0.0464783752608	2	2	45846.0	631.17	321.3	45.846	418.86	631.17	631.17	631.17	631.17	631.17	631.17	631.17	631.17	631.17	631.17	631.17	631.17	631.17	631.17	631.17	631.17	631.17	631.17	631.17	631.17	631.17	631.17	631.17	631.17	631.17	631.17	631.17	631.17	631.17	631.17	631.17	631.17	631.17	631.17	631.17	631.17	631.17	631.17	631.17	631.17	631.17	631.17	631.17	631.17	631.17	631.17	631.17	631.17	631.17	631.17	631.17	631.17	631.17	631.17	631.17	631.17	631.17	631.17
30500	10611	1575	1	9	1	17	[117000]	1.38625404087	7	2	1459521.0	278636.22	162.9	1459.521	14571.99	28667.79	42705.54	56743.29	70736.58	84485.34	98234.1	111982.86	125731.62	139480.38	153229.14	166977.9	179589.69	192120.075	204650.46	217180.845	229711.23	242241.615	254772.0	266078.79	267251.13	268423.47	269595.81	270768.15	271940.49	273112.83	274285.17	275457.51	276629.85	277802.19	278636.22	278636.22	278636.22	278636.22	278636.22	278636.22	278636.22	278636.22	278636.22	278636.22	278636.22	278636.22	278636.22	278636.22	278636.22	278636.22	278636.22	278636.22	278636.22	278636.22	278636.22	278636.22	278636.22	278636.22	278636.22	278636.22	278636.22	278636.22	278636.22
30501	48348	4500	1	9	0	0	[117000]	0.0	1	1	0.0	0.0	558.81	0.0	0.0	0.0	0.0	0.0	0.0	0.0	0.0	0.0	0.0	0.0	0.0	0.0	0.0	0.0	0.0	0.0	0.0	0.0	0.0	0.0	0.0	0.0	0.0	0.0	0.0	0.0	0.0	0.0	0.0	0.0	0.0	0.0	0.0	0.0	0.0	0.0	0.0	0.0	0.0	0.0	0.0	0.0	0.0	0.0	0.0	0.0	0.0	0.0	0.0	0.0	0.0	0.0	0.0	0.0	0.0	0.0	0.0	0.0	0.0
30502	4761	1467	1	10	1	16	[117000]	1.35275687641	7	2	1454760.0	278476.74	159.48	1454.76	14412.51	28508.31	42546.06	56583.81	70577.1	84325.86	98074.62	111823.38	125572.14	139320.9	153069.66	166818.42	179430.21	191960.595	204490.98	217021.365	229551.75	242082.135	254612.52	265919.31	267091.65	268263.99	269436.33	270608.67	271781.01	272953.35	274125.69	275298.03	276470.37	277642.71	278476.74	278476.74	278476.74	278476.74	278476.74	278476.74	278476.74	278476.74	278476.74	278476.74	278476.74	278476.74	278476.74	278476.74	278476.74	278476.74	278476.74	278476.74	278476.74	278476.74	278476.74	278476.74	278476.74	278476.74	278476.74	278476.74	278476.74	278476.74	278476.74
29991	13752	4986	1	6	0	0	[117000]	0.0	1	1	0.0	0.0	1059.03	0.0	0.0	0.0	0.0	0.0	0.0	0.0	0.0	0.0	0.0	0.0	0.0	0.0	0.0	0.0	0.0	0.0	0.0	0.0	0.0	0.0	0.0	0.0	0.0	0.0	0.0	0.0	0.0	0.0	0.0	0.0	0.0	0.0	0.0	0.0	0.0	0.0	0.0	0.0	0.0	0.0	0.0	0.0	0.0	0.0	0.0	0.0	0.0	0.0	0.0	0.0	0.0	0.0	0.0	0.0	0.0	0.0	0.0	0.0	0.0
30508	11799	1926	1	8	0	0	[117000]	0.0	1	1	0.0	0.0	227.25	0.0	0.0	0.0	0.0	0.0	0.0	0.0	0.0	0.0	0.0	0.0	0.0	0.0	0.0	0.0	0.0	0.0	0.0	0.0	0.0	0.0	0.0	0.0	0.0	0.0	0.0	0.0	0.0	0.0	0.0	0.0	0.0	0.0	0.0	0.0	0.0	0.0	0.0	0.0	0.0	0.0	0.0	0.0	0.0	0.0	0.0	0.0	0.0	0.0	0.0	0.0	0.0	0.0	0.0	0.0	0.0	0.0	0.0	0.0	0.0
30510	40788	2592	1	11	2	15	[117000]	1.34606887994	7	2	1413972.0	278203.95	272.79	1413.972	14139.72	28235.52	42273.27	56311.02	70304.31	84053.07	97801.83	111550.59	125299.35	139048.11	152796.87	166545.63	179157.42	191687.805	204218.19	216748.575	229278.96	241809.345	254339.73	265646.52	266818.86	267991.2	269163.54	270335.88	271508.22	272680.56	273852.9	275025.24	276197.58	277369.92	278203.95	278203.95	278203.95	278203.95	278203.95	278203.95	278203.95	278203.95	278203.95	278203.95	278203.95	278203.95	278203.95	278203.95	278203.95	278203.95	278203.95	278203.95	278203.95	278203.95	278203.95	278203.95	278203.95	278203.95	278203.95	278203.95	278203.95	278203.95	278203.95
30511	25263	4941	1	16	0	0	[117000]	0.0	1	1	0.0	0.0	486.27	0.0	0.0	0.0	0.0	0.0	0.0	0.0	0.0	0.0	0.0	0.0	0.0	0.0	0.0	0.0	0.0	0.0	0.0	0.0	0.0	0.0	0.0	0.0	0.0	0.0	0.0	0.0	0.0	0.0	0.0	0.0	0.0	0.0	0.0	0.0	0.0	0.0	0.0	0.0	0.0	0.0	0.0	0.0	0.0	0.0	0.0	0.0	0.0	0.0	0.0	0.0	0.0	0.0	0.0	0.0	0.0	0.0	0.0	0.0	0.0
30000	44370	2466	1	7	1	1	[117000]	0.019777607362	1	1	11736.0	232.11	265.05	11.736	117.36	232.11	232.11	232.11	232.11	232.11	232.11	232.11	232.11	232.11	232.11	232.11	232.11	232.11	232.11	232.11	232.11	232.11	232.11	232.11	232.11	232.11	232.11	232.11	232.11	232.11	232.11	232.11	232.11	232.11	232.11	232.11	232.11	232.11	232.11	232.11	232.11	232.11	232.11	232.11	232.11	232.11	232.11	232.11	232.11	232.11	232.11	232.11	232.11	232.11	232.11	232.11	232.11	232.11	232.11	232.11	232.11	232.11	232.11
30513	10197	1710	1	12	1	12	[117000]	1.26510527481	6	2	1374876.0	276643.44	160.02	1374.876	13748.76	27497.52	41246.28	54995.04	68743.8	82492.56	96241.32	109990.08	123738.84	137487.6	151236.36	164985.12	177596.91	190127.295	202657.68	215188.065	227718.45	240248.835	252779.22	264086.01	265258.35	266430.69	267603.03	268775.37	269947.71	271120.05	272292.39	273464.73	274637.07	275809.41	276643.44	276643.44	276643.44	276643.44	276643.44	276643.44	276643.44	276643.44	276643.44	276643.44	276643.44	276643.44	276643.44	276643.44	276643.44	276643.44	276643.44	276643.44	276643.44	276643.44	276643.44	276643.44	276643.44	276643.44	276643.44	276643.44	276643.44	276643.44	276643.44
30002	13869	2259	1	4	0	0	[117000]	0.0	1	1	0.0	0.0	178.11	0.0	0.0	0.0	0.0	0.0	0.0	0.0	0.0	0.0	0.0	0.0	0.0	0.0	0.0	0.0	0.0	0.0	0.0	0.0	0.0	0.0	0.0	0.0	0.0	0.0	0.0	0.0	0.0	0.0	0.0	0.0	0.0	0.0	0.0	0.0	0.0	0.0	0.0	0.0	0.0	0.0	0.0	0.0	0.0	0.0	0.0	0.0	0.0	0.0	0.0	0.0	0.0	0.0	0.0	0.0	0.0	0.0	0.0	0.0	0.0
30517	63342	15381	1	14	1	1	[117000]	0.00327517600245	1	1	29403.0	96.3	4630.14	29.403	96.3	96.3	96.3	96.3	96.3	96.3	96.3	96.3	96.3	96.3	96.3	96.3	96.3	96.3	96.3	96.3	96.3	96.3	96.3	96.3	96.3	96.3	96.3	96.3	96.3	96.3	96.3	96.3	96.3	96.3	96.3	96.3	96.3	96.3	96.3	96.3	96.3	96.3	96.3	96.3	96.3	96.3	96.3	96.3	96.3	96.3	96.3	96.3	96.3	96.3	96.3	96.3	96.3	96.3	96.3	96.3	96.3	96.3	96.3
30519	5688	594	1	13	0	0	[117000]	0.0	1	1	0.0	0.0	37.17	0.0	0.0	0.0	0.0	0.0	0.0	0.0	0.0	0.0	0.0	0.0	0.0	0.0	0.0	0.0	0.0	0.0	0.0	0.0	0.0	0.0	0.0	0.0	0.0	0.0	0.0	0.0	0.0	0.0	0.0	0.0	0.0	0.0	0.0	0.0	0.0	0.0	0.0	0.0	0.0	0.0	0.0	0.0	0.0	0.0	0.0	0.0	0.0	0.0	0.0	0.0	0.0	0.0	0.0	0.0	0.0	0.0	0.0	0.0	0.0
30522	22563	2016	1	8	1	1	[117000]	0.018973354232	1	1	11484.0	217.89	186.03	11.484	114.84	217.89	217.89	217.89	217.89	217.89	217.89	217.89	217.89	217.89	217.89	217.89	217.89	217.89	217.89	217.89	217.89	217.89	217.89	217.89	217.89	217.89	217.89	217.89	217.89	217.89	217.89	217.89	217.89	217.89	217.89	217.89	217.89	217.89	217.89	217.89	217.89	217.89	217.89	217.89	217.89	217.89	217.89	217.89	217.89	217.89	217.89	217.89	217.89	217.89	217.89	217.89	217.89	217.89	217.89	217.89	217.89	217.89	217.89
30011	21447	10008	1	4	0	0	[117000]	0.0	1	1	0.0	0.0	3305.97	0.0	0.0	0.0	0.0	0.0	0.0	0.0	0.0	0.0	0.0	0.0	0.0	0.0	0.0	0.0	0.0	0.0	0.0	0.0	0.0	0.0	0.0	0.0	0.0	0.0	0.0	0.0	0.0	0.0	0.0	0.0	0.0	0.0	0.0	0.0	0.0	0.0	0.0	0.0	0.0	0.0	0.0	0.0	0.0	0.0	0.0	0.0	0.0	0.0	0.0	0.0	0.0	0.0	0.0	0.0	0.0	0.0	0.0	0.0	0.0
30012	192879	58932	1	7	1	4	[117000]	0.105786485646	1	1	130725.0	5099.85	25536.6	130.725	1307.25	2614.5	3921.75	5099.85	5099.85	5099.85	5099.85	5099.85	5099.85	5099.85	5099.85	5099.85	5099.85	5099.85	5099.85	5099.85	5099.85	5099.85	5099.85	5099.85	5099.85	5099.85	5099.85	5099.85	5099.85	5099.85	5099.85	5099.85	5099.85	5099.85	5099.85	5099.85	5099.85	5099.85	5099.85	5099.85	5099.85	5099.85	5099.85	5099.85	5099.85	5099.85	5099.85	5099.85	5099.85	5099.85	5099.85	5099.85	5099.85	5099.85	5099.85	5099.85	5099.85	5099.85	5099.85	5099.85	5099.85	5099.85	5099.85
30525	29403	981	1	15	0	0	[117000]	0.0	1	1	0.0	0.0	96.3	0.0	0.0	0.0	0.0	0.0	0.0	0.0	0.0	0.0	0.0	0.0	0.0	0.0	0.0	0.0	0.0	0.0	0.0	0.0	0.0	0.0	0.0	0.0	0.0	0.0	0.0	0.0	0.0	0.0	0.0	0.0	0.0	0.0	0.0	0.0	0.0	0.0	0.0	0.0	0.0	0.0	0.0	0.0	0.0	0.0	0.0	0.0	0.0	0.0	0.0	0.0	0.0	0.0	0.0	0.0	0.0	0.0	0.0	0.0	0.0
30526	3555	891	1	14	1	5	[117000]	0.483292178106	2	2	575514.0	145355.67	180.0	575.514	5755.14	11510.28	17265.42	23020.56	28775.7	34530.84	40184.01	44827.65	49471.29	54114.93	58758.57	63402.21	68045.85	72689.49	77333.13	81976.77	86620.41	91264.05	95907.69	100551.33	105194.97	109838.61	114482.25	119125.89	123769.53	128413.17	133056.81	137700.45	142344.09	145355.67	145355.67	145355.67	145355.67	145355.67	145355.67	145355.67	145355.67	145355.67	145355.67	145355.67	145355.67	145355.67	145355.67	145355.67	145355.67	145355.67	145355.67	145355.67	145355.67	145355.67	145355.67	145355.67	145355.67	145355.67	145355.67	145355.67	145355.67	145355.67	145355.67
30527	40293	10746	1	14	0	0	[117000]	0.0	1	1	0.0	0.0	4301.91	0.0	0.0	0.0	0.0	0.0	0.0	0.0	0.0	0.0	0.0	0.0	0.0	0.0	0.0	0.0	0.0	0.0	0.0	0.0	0.0	0.0	0.0	0.0	0.0	0.0	0.0	0.0	0.0	0.0	0.0	0.0	0.0	0.0	0.0	0.0	0.0	0.0	0.0	0.0	0.0	0.0	0.0	0.0	0.0	0.0	0.0	0.0	0.0	0.0	0.0	0.0	0.0	0.0	0.0	0.0	0.0	0.0	0.0	0.0	0.0
30016	13365	2583	1	6	0	0	[117000]	0.0	1	1	0.0	0.0	322.92	0.0	0.0	0.0	0.0	0.0	0.0	0.0	0.0	0.0	0.0	0.0	0.0	0.0	0.0	0.0	0.0	0.0	0.0	0.0	0.0	0.0	0.0	0.0	0.0	0.0	0.0	0.0	0.0	0.0	0.0	0.0	0.0	0.0	0.0	0.0	0.0	0.0	0.0	0.0	0.0	0.0	0.0	0.0	0.0	0.0	0.0	0.0	0.0	0.0	0.0	0.0	0.0	0.0	0.0	0.0	0.0	0.0	0.0	0.0	0.0
30018	120726	24471	1	6	0	0	[117000]	0.0	1	1	0.0	0.0	6279.21	0.0	0.0	0.0	0.0	0.0	0.0	0.0	0.0	0.0	0.0	0.0	0.0	0.0	0.0	0.0	0.0	0.0	0.0	0.0	0.0	0.0	0.0	0.0	0.0	0.0	0.0	0.0	0.0	0.0	0.0	0.0	0.0	0.0	0.0	0.0	0.0	0.0	0.0	0.0	0.0	0.0	0.0	0.0	0.0	0.0	0.0	0.0	0.0	0.0	0.0	0.0	0.0	0.0	0.0	0.0	0.0	0.0	0.0	0.0	0.0
30019	94635	13464	1	5	1	1	[117000]	0.00375742154368	1	1	21222.0	79.74	1797.57	21.222	79.74	79.74	79.74	79.74	79.74	79.74	79.74	79.74	79.74	79.74	79.74	79.74	79.74	79.74	79.74	79.74	79.74	79.74	79.74	79.74	79.74	79.74	79.74	79.74	79.74	79.74	79.74	79.74	79.74	79.74	79.74	79.74	79.74	79.74	79.74	79.74	79.74	79.74	79.74	79.74	79.74	79.74	79.74	79.74	79.74	79.74	79.74	79.74	79.74	79.74	79.74	79.74	79.74	79.74	79.74	79.74	79.74	79.74	79.74
30532	466326	105444	1	13	6	12	[117000]	0.780918145776	7	2	951768.0	180357.48	46152.81	951.768	9500.67	18966.24	28156.23	37311.12	46466.01	54749.34	62839.26	69919.65	77000.04	84080.43	91160.82	98241.21	103047.66	107691.3	112334.94	116978.58	121622.22	126265.86	130909.5	135553.14	140196.78	144840.42	149484.06	154127.7	158771.34	163414.98	168058.62	172702.26	177345.9	180357.48	180357.48	180357.48	180357.48	180357.48	180357.48	180357.48	180357.48	180357.48	180357.48	180357.48	180357.48	180357.48	180357.48	180357.48	180357.48	180357.48	180357.48	180357.48	180357.48	180357.48	180357.48	180357.48	180357.48	180357.48	180357.48	180357.48	180357.48	180357.48	180357.48
30534	85887	24642	1	15	2	4	[117000]	0.399551216145	2	2	489627.0	138163.41	7192.26	489.627	4896.27	9773.55	14417.19	19060.83	23704.47	28348.11	32991.75	37635.39	42279.03	46922.67	51566.31	56209.95	60853.59	65497.23	70140.87	74784.51	79428.15	84071.79	88715.43	93359.07	98002.71	102646.35	107289.99	111933.63	116577.27	121220.91	125864.55	130508.19	135151.83	138163.41	138163.41	138163.41	138163.41	138163.41	138163.41	138163.41	138163.41	138163.41	138163.41	138163.41	138163.41	138163.41	138163.41	138163.41	138163.41	138163.41	138163.41	138163.41	138163.41	138163.41	138163.41	138163.41	138163.41	138163.41	138163.41	138163.41	138163.41	138163.41	138163.41
30024	111015	19620	1	6	0	0	[117000]	0.0	1	1	0.0	0.0	9446.31	0.0	0.0	0.0	0.0	0.0	0.0	0.0	0.0	0.0	0.0	0.0	0.0	0.0	0.0	0.0	0.0	0.0	0.0	0.0	0.0	0.0	0.0	0.0	0.0	0.0	0.0	0.0	0.0	0.0	0.0	0.0	0.0	0.0	0.0	0.0	0.0	0.0	0.0	0.0	0.0	0.0	0.0	0.0	0.0	0.0	0.0	0.0	0.0	0.0	0.0	0.0	0.0	0.0	0.0	0.0	0.0	0.0	0.0	0.0	0.0
30025	12366	2484	1	7	0	0	[117000]	0.0	1	1	0.0	0.0	356.31	0.0	0.0	0.0	0.0	0.0	0.0	0.0	0.0	0.0	0.0	0.0	0.0	0.0	0.0	0.0	0.0	0.0	0.0	0.0	0.0	0.0	0.0	0.0	0.0	0.0	0.0	0.0	0.0	0.0	0.0	0.0	0.0	0.0	0.0	0.0	0.0	0.0	0.0	0.0	0.0	0.0	0.0	0.0	0.0	0.0	0.0	0.0	0.0	0.0	0.0	0.0	0.0	0.0	0.0	0.0	0.0	0.0	0.0	0.0	0.0
30392	7587	2286	2	6	0	0	[117000]	0.0	1	1	0.0	0.0	253.62	0.0	0.0	0.0	0.0	0.0	0.0	0.0	0.0	0.0	0.0	0.0	0.0	0.0	0.0	0.0	0.0	0.0	0.0	0.0	0.0	0.0	0.0	0.0	0.0	0.0	0.0	0.0	0.0	0.0	0.0	0.0	0.0	0.0	0.0	0.0	0.0	0.0	0.0	0.0	0.0	0.0	0.0	0.0	0.0	0.0	0.0	0.0	0.0	0.0	0.0	0.0	0.0	0.0	0.0	0.0	0.0	0.0	0.0	0.0	0.0
30032	8919	1773	1	5	0	0	[117000]	0.0	1	1	0.0	0.0	244.8	0.0	0.0	0.0	0.0	0.0	0.0	0.0	0.0	0.0	0.0	0.0	0.0	0.0	0.0	0.0	0.0	0.0	0.0	0.0	0.0	0.0	0.0	0.0	0.0	0.0	0.0	0.0	0.0	0.0	0.0	0.0	0.0	0.0	0.0	0.0	0.0	0.0	0.0	0.0	0.0	0.0	0.0	0.0	0.0	0.0	0.0	0.0	0.0	0.0	0.0	0.0	0.0	0.0	0.0	0.0	0.0	0.0	0.0	0.0	0.0
30549	407808	245781	1	13	4	11	[117000]	0.808638775873	6	2	967068.0	90492.75	186150.69	967.068	8410.5	15730.11	22173.57	26980.38	31775.67	36570.96	41366.25	46161.54	50956.83	55752.12	60417.09	64809.45	66927.87	68883.48	70839.09	72794.7	74418.3	75590.64	76762.98	77935.32	79107.66	80280.0	81452.34	82624.68	83797.02	84969.36	86141.7	87314.04	88486.38	89658.72	90492.75	90492.75	90492.75	90492.75	90492.75	90492.75	90492.75	90492.75	90492.75	90492.75	90492.75	90492.75	90492.75	90492.75	90492.75	90492.75	90492.75	90492.75	90492.75	90492.75	90492.75	90492.75	90492.75	90492.75	90492.75	90492.75	90492.75	90492.75	90492.75
30550	11754	4050	1	18	0	0	[117000]	0.0	1	1	0.0	0.0	381.33	0.0	0.0	0.0	0.0	0.0	0.0	0.0	0.0	0.0	0.0	0.0	0.0	0.0	0.0	0.0	0.0	0.0	0.0	0.0	0.0	0.0	0.0	0.0	0.0	0.0	0.0	0.0	0.0	0.0	0.0	0.0	0.0	0.0	0.0	0.0	0.0	0.0	0.0	0.0	0.0	0.0	0.0	0.0	0.0	0.0	0.0	0.0	0.0	0.0	0.0	0.0	0.0	0.0	0.0	0.0	0.0	0.0	0.0	0.0	0.0
30552	5184	1278	1	14	0	0	[117000]	0.0	1	1	0.0	0.0	115.74	0.0	0.0	0.0	0.0	0.0	0.0	0.0	0.0	0.0	0.0	0.0	0.0	0.0	0.0	0.0	0.0	0.0	0.0	0.0	0.0	0.0	0.0	0.0	0.0	0.0	0.0	0.0	0.0	0.0	0.0	0.0	0.0	0.0	0.0	0.0	0.0	0.0	0.0	0.0	0.0	0.0	0.0	0.0	0.0	0.0	0.0	0.0	0.0	0.0	0.0	0.0	0.0	0.0	0.0	0.0	0.0	0.0	0.0	0.0	0.0
30436	30546	4635	1	12	0	0	[117000]	0.0	1	1	0.0	0.0	447.48	0.0	0.0	0.0	0.0	0.0	0.0	0.0	0.0	0.0	0.0	0.0	0.0	0.0	0.0	0.0	0.0	0.0	0.0	0.0	0.0	0.0	0.0	0.0	0.0	0.0	0.0	0.0	0.0	0.0	0.0	0.0	0.0	0.0	0.0	0.0	0.0	0.0	0.0	0.0	0.0	0.0	0.0	0.0	0.0	0.0	0.0	0.0	0.0	0.0	0.0	0.0	0.0	0.0	0.0	0.0	0.0	0.0	0.0	0.0	0.0
30555	81243	12213	1	14	1	1	[117000]	0.120668144044	1	1	243675.0	29403.81	2448.81	243.675	2436.75	4873.5	7310.25	9747.0	12183.75	14620.5	17057.25	19494.0	21930.75	24367.5	26804.25	29241.0	29403.81	29403.81	29403.81	29403.81	29403.81	29403.81	29403.81	29403.81	29403.81	29403.81	29403.81	29403.81	29403.81	29403.81	29403.81	29403.81	29403.81	29403.81	29403.81	29403.81	29403.81	29403.81	29403.81	29403.81	29403.81	29403.81	29403.81	29403.81	29403.81	29403.81	29403.81	29403.81	29403.81	29403.81	29403.81	29403.81	29403.81	29403.81	29403.81	29403.81	29403.81	29403.81	29403.81	29403.81	29403.81	29403.81	29403.81
30558	10971	3006	1	17	1	1	[117000]	0.0324425727412	1	1	11754.0	381.33	416.07	11.754	117.54	235.08	352.62	381.33	381.33	381.33	381.33	381.33	381.33	381.33	381.33	381.33	381.33	381.33	381.33	381.33	381.33	381.33	381.33	381.33	381.33	381.33	381.33	381.33	381.33	381.33	381.33	381.33	381.33	381.33	381.33	381.33	381.33	381.33	381.33	381.33	381.33	381.33	381.33	381.33	381.33	381.33	381.33	381.33	381.33	381.33	381.33	381.33	381.33	381.33	381.33	381.33	381.33	381.33	381.33	381.33	381.33	381.33	381.33
30512	23211	7146	1	12	1	1	[117000]	0.00653481012658	1	1	5688.0	37.17	1363.32	5.688	37.17	37.17	37.17	37.17	37.17	37.17	37.17	37.17	37.17	37.17	37.17	37.17	37.17	37.17	37.17	37.17	37.17	37.17	37.17	37.17	37.17	37.17	37.17	37.17	37.17	37.17	37.17	37.17	37.17	37.17	37.17	37.17	37.17	37.17	37.17	37.17	37.17	37.17	37.17	37.17	37.17	37.17	37.17	37.17	37.17	37.17	37.17	37.17	37.17	37.17	37.17	37.17	37.17	37.17	37.17	37.17	37.17	37.17	37.17
30048	61839	3789	1	7	0	0	[117000]	0.0	1	1	0.0	0.0	395.19	0.0	0.0	0.0	0.0	0.0	0.0	0.0	0.0	0.0	0.0	0.0	0.0	0.0	0.0	0.0	0.0	0.0	0.0	0.0	0.0	0.0	0.0	0.0	0.0	0.0	0.0	0.0	0.0	0.0	0.0	0.0	0.0	0.0	0.0	0.0	0.0	0.0	0.0	0.0	0.0	0.0	0.0	0.0	0.0	0.0	0.0	0.0	0.0	0.0	0.0	0.0	0.0	0.0	0.0	0.0	0.0	0.0	0.0	0.0	0.0
30051	116541	39870	1	5	2	2	[117000]	0.109252009352	2	2	124380.0	9769.23	8050.68	124.38	1243.8	2487.6	3653.37	4763.52	5873.67	6983.82	8093.97	9204.12	9769.23	9769.23	9769.23	9769.23	9769.23	9769.23	9769.23	9769.23	9769.23	9769.23	9769.23	9769.23	9769.23	9769.23	9769.23	9769.23	9769.23	9769.23	9769.23	9769.23	9769.23	9769.23	9769.23	9769.23	9769.23	9769.23	9769.23	9769.23	9769.23	9769.23	9769.23	9769.23	9769.23	9769.23	9769.23	9769.23	9769.23	9769.23	9769.23	9769.23	9769.23	9769.23	9769.23	9769.23	9769.23	9769.23	9769.23	9769.23	9769.23	9769.23	9769.23
30564	25884	5256	1	14	0	0	[117000]	0.0	1	1	0.0	0.0	540.72	0.0	0.0	0.0	0.0	0.0	0.0	0.0	0.0	0.0	0.0	0.0	0.0	0.0	0.0	0.0	0.0	0.0	0.0	0.0	0.0	0.0	0.0	0.0	0.0	0.0	0.0	0.0	0.0	0.0	0.0	0.0	0.0	0.0	0.0	0.0	0.0	0.0	0.0	0.0	0.0	0.0	0.0	0.0	0.0	0.0	0.0	0.0	0.0	0.0	0.0	0.0	0.0	0.0	0.0	0.0	0.0	0.0	0.0	0.0	0.0
30566	24102	4743	1	15	1	1	[117000]	0.165761231759	1	1	78327.0	12983.58	558.18	78.327	783.27	1566.54	2349.81	3133.08	3916.35	4699.62	5482.89	6266.16	7049.43	7832.7	8615.97	9399.24	10182.51	10965.78	11749.05	12532.32	12983.58	12983.58	12983.58	12983.58	12983.58	12983.58	12983.58	12983.58	12983.58	12983.58	12983.58	12983.58	12983.58	12983.58	12983.58	12983.58	12983.58	12983.58	12983.58	12983.58	12983.58	12983.58	12983.58	12983.58	12983.58	12983.58	12983.58	12983.58	12983.58	12983.58	12983.58	12983.58	12983.58	12983.58	12983.58	12983.58	12983.58	12983.58	12983.58	12983.58	12983.58	12983.58	12983.58
30567	16722	729	1	15	0	0	[117000]	0.0	1	1	0.0	0.0	46.89	0.0	0.0	0.0	0.0	0.0	0.0	0.0	0.0	0.0	0.0	0.0	0.0	0.0	0.0	0.0	0.0	0.0	0.0	0.0	0.0	0.0	0.0	0.0	0.0	0.0	0.0	0.0	0.0	0.0	0.0	0.0	0.0	0.0	0.0	0.0	0.0	0.0	0.0	0.0	0.0	0.0	0.0	0.0	0.0	0.0	0.0	0.0	0.0	0.0	0.0	0.0	0.0	0.0	0.0	0.0	0.0	0.0	0.0	0.0	0.0
118120	144414	10548	1	6	0	0	[117000]	0.0	1	1	0.0	0.0	2856.42	0.0	0.0	0.0	0.0	0.0	0.0	0.0	0.0	0.0	0.0	0.0	0.0	0.0	0.0	0.0	0.0	0.0	0.0	0.0	0.0	0.0	0.0	0.0	0.0	0.0	0.0	0.0	0.0	0.0	0.0	0.0	0.0	0.0	0.0	0.0	0.0	0.0	0.0	0.0	0.0	0.0	0.0	0.0	0.0	0.0	0.0	0.0	0.0	0.0	0.0	0.0	0.0	0.0	0.0	0.0	0.0	0.0	0.0	0.0	0.0
30524	10089	738	1	8	0	0	[117000]	0.0	1	1	0.0	0.0	28.8	0.0	0.0	0.0	0.0	0.0	0.0	0.0	0.0	0.0	0.0	0.0	0.0	0.0	0.0	0.0	0.0	0.0	0.0	0.0	0.0	0.0	0.0	0.0	0.0	0.0	0.0	0.0	0.0	0.0	0.0	0.0	0.0	0.0	0.0	0.0	0.0	0.0	0.0	0.0	0.0	0.0	0.0	0.0	0.0	0.0	0.0	0.0	0.0	0.0	0.0	0.0	0.0	0.0	0.0	0.0	0.0	0.0	0.0	0.0	0.0
30571	78327	25569	1	16	0	0	[117000]	0.0	1	1	0.0	0.0	12983.58	0.0	0.0	0.0	0.0	0.0	0.0	0.0	0.0	0.0	0.0	0.0	0.0	0.0	0.0	0.0	0.0	0.0	0.0	0.0	0.0	0.0	0.0	0.0	0.0	0.0	0.0	0.0	0.0	0.0	0.0	0.0	0.0	0.0	0.0	0.0	0.0	0.0	0.0	0.0	0.0	0.0	0.0	0.0	0.0	0.0	0.0	0.0	0.0	0.0	0.0	0.0	0.0	0.0	0.0	0.0	0.0	0.0	0.0	0.0	0.0
30062	752634	18117	1	4	9	56	[117000]	3.09929403111	35	2	6892434.0	897526.35	1676.88	6892.434	67662.81	132780.42	197063.1	261117.0	324409.68	387422.73	449676.0	511350.03	572283.36	632511.27	692388.45	750369.78	808351.11	866332.44	897526.35	897526.35	897526.35	897526.35	897526.35	897526.35	897526.35	897526.35	897526.35	897526.35	897526.35	897526.35	897526.35	897526.35	897526.35	897526.35	897526.35	897526.35	897526.35	897526.35	897526.35	897526.35	897526.35	897526.35	897526.35	897526.35	897526.35	897526.35	897526.35	897526.35	897526.35	897526.35	897526.35	897526.35	897526.35	897526.35	897526.35	897526.35	897526.35	897526.35	897526.35	897526.35	897526.35	897526.35	897526.35
30575	243675	81990	2	26	0	0	[117000]	0.0	1	1	0.0	0.0	29403.81	0.0	0.0	0.0	0.0	0.0	0.0	0.0	0.0	0.0	0.0	0.0	0.0	0.0	0.0	0.0	0.0	0.0	0.0	0.0	0.0	0.0	0.0	0.0	0.0	0.0	0.0	0.0	0.0	0.0	0.0	0.0	0.0	0.0	0.0	0.0	0.0	0.0	0.0	0.0	0.0	0.0	0.0	0.0	0.0	0.0	0.0	0.0	0.0	0.0	0.0	0.0	0.0	0.0	0.0	0.0	0.0	0.0	0.0	0.0	0.0
117109	173709	36648	1	1	3	221	[117000]	12.0258403835	166	3	25319178.0	3343089.42	9480.51	25319.178	252866.34	504807.03	756747.72	1008688.41	1260629.1	1512569.79	1764510.48	1938249.0	2082047.94	2221991.82	2350542.69	2460636.9	2568758.49	2676343.095	2756938.23	2806213.905	2855400.66	2904587.415	2953774.17	3001737.33	3039566.04	3077394.75	3111906.6	3144264.21	3176621.82	3208979.43	3241337.04	3273694.65	3306052.26	3326457.69	3328812.18	3330332.64	3331853.1	3333373.56	3334894.02	3336414.48	3337934.94	3339455.4	3340975.86	3342496.32	3343089.42	3343089.42	3343089.42	3343089.42	3343089.42	3343089.42	3343089.42	3343089.42	3343089.42	3343089.42	3343089.42	3343089.42	3343089.42	3343089.42	3343089.42	3343089.42	3343089.42	3343089.42	3343089.42
116599	7974	3150	1	4	0	0	[117000]	0.0	1	1	0.0	0.0	424.8	0.0	0.0	0.0	0.0	0.0	0.0	0.0	0.0	0.0	0.0	0.0	0.0	0.0	0.0	0.0	0.0	0.0	0.0	0.0	0.0	0.0	0.0	0.0	0.0	0.0	0.0	0.0	0.0	0.0	0.0	0.0	0.0	0.0	0.0	0.0	0.0	0.0	0.0	0.0	0.0	0.0	0.0	0.0	0.0	0.0	0.0	0.0	0.0	0.0	0.0	0.0	0.0	0.0	0.0	0.0	0.0	0.0	0.0	0.0	0.0
30075	29223	2790	1	5	0	0	[117000]	0.0	1	1	0.0	0.0	314.91	0.0	0.0	0.0	0.0	0.0	0.0	0.0	0.0	0.0	0.0	0.0	0.0	0.0	0.0	0.0	0.0	0.0	0.0	0.0	0.0	0.0	0.0	0.0	0.0	0.0	0.0	0.0	0.0	0.0	0.0	0.0	0.0	0.0	0.0	0.0	0.0	0.0	0.0	0.0	0.0	0.0	0.0	0.0	0.0	0.0	0.0	0.0	0.0	0.0	0.0	0.0	0.0	0.0	0.0	0.0	0.0	0.0	0.0	0.0	0.0
30076	98352	31653	1	7	1	2	[117000]	0.0940523619698	1	1	276417.0	15998.76	15871.14	276.417	2764.17	5528.34	8292.51	11056.68	13820.85	15998.76	15998.76	15998.76	15998.76	15998.76	15998.76	15998.76	15998.76	15998.76	15998.76	15998.76	15998.76	15998.76	15998.76	15998.76	15998.76	15998.76	15998.76	15998.76	15998.76	15998.76	15998.76	15998.76	15998.76	15998.76	15998.76	15998.76	15998.76	15998.76	15998.76	15998.76	15998.76	15998.76	15998.76	15998.76	15998.76	15998.76	15998.76	15998.76	15998.76	15998.76	15998.76	15998.76	15998.76	15998.76	15998.76	15998.76	15998.76	15998.76	15998.76	15998.76	15998.76	15998.76	15998.76
30589	117234	49131	1	15	0	0	[117000]	0.0	1	1	0.0	0.0	36004.23	0.0	0.0	0.0	0.0	0.0	0.0	0.0	0.0	0.0	0.0	0.0	0.0	0.0	0.0	0.0	0.0	0.0	0.0	0.0	0.0	0.0	0.0	0.0	0.0	0.0	0.0	0.0	0.0	0.0	0.0	0.0	0.0	0.0	0.0	0.0	0.0	0.0	0.0	0.0	0.0	0.0	0.0	0.0	0.0	0.0	0.0	0.0	0.0	0.0	0.0	0.0	0.0	0.0	0.0	0.0	0.0	0.0	0.0	0.0	0.0
30479	43713	5589	1	7	1	20	[117000]	1.41498099655	8	2	1575198.0	279460.98	1155.33	1575.198	15287.85	29492.55	43530.3	57568.05	71561.34	85310.1	99058.86	112807.62	126556.38	140305.14	154053.9	167802.66	180414.45	192944.835	205475.22	218005.605	230535.99	243066.375	255596.76	266903.55	268075.89	269248.23	270420.57	271592.91	272765.25	273937.59	275109.93	276282.27	277454.61	278626.95	279460.98	279460.98	279460.98	279460.98	279460.98	279460.98	279460.98	279460.98	279460.98	279460.98	279460.98	279460.98	279460.98	279460.98	279460.98	279460.98	279460.98	279460.98	279460.98	279460.98	279460.98	279460.98	279460.98	279460.98	279460.98	279460.98	279460.98	279460.98	279460.98
30082	20178	3474	1	5	0	0	[117000]	0.0	1	1	0.0	0.0	565.92	0.0	0.0	0.0	0.0	0.0	0.0	0.0	0.0	0.0	0.0	0.0	0.0	0.0	0.0	0.0	0.0	0.0	0.0	0.0	0.0	0.0	0.0	0.0	0.0	0.0	0.0	0.0	0.0	0.0	0.0	0.0	0.0	0.0	0.0	0.0	0.0	0.0	0.0	0.0	0.0	0.0	0.0	0.0	0.0	0.0	0.0	0.0	0.0	0.0	0.0	0.0	0.0	0.0	0.0	0.0	0.0	0.0	0.0	0.0	0.0
117124	30888	1620	1	2	1	2	[117000]	0.245352999465	1	1	403344.0	44435.43	127.62	403.344	4033.44	8066.88	12100.32	16133.76	20167.2	24200.64	28234.08	32267.52	36300.96	40334.4	44367.84	44435.43	44435.43	44435.43	44435.43	44435.43	44435.43	44435.43	44435.43	44435.43	44435.43	44435.43	44435.43	44435.43	44435.43	44435.43	44435.43	44435.43	44435.43	44435.43	44435.43	44435.43	44435.43	44435.43	44435.43	44435.43	44435.43	44435.43	44435.43	44435.43	44435.43	44435.43	44435.43	44435.43	44435.43	44435.43	44435.43	44435.43	44435.43	44435.43	44435.43	44435.43	44435.43	44435.43	44435.43	44435.43	44435.43	44435.43	44435.43
30090	238446	44109	1	8	1	1	[117000]	0.0320621000237	1	1	37971.0	1217.43	14781.33	37.971	379.71	759.42	1139.13	1217.43	1217.43	1217.43	1217.43	1217.43	1217.43	1217.43	1217.43	1217.43	1217.43	1217.43	1217.43	1217.43	1217.43	1217.43	1217.43	1217.43	1217.43	1217.43	1217.43	1217.43	1217.43	1217.43	1217.43	1217.43	1217.43	1217.43	1217.43	1217.43	1217.43	1217.43	1217.43	1217.43	1217.43	1217.43	1217.43	1217.43	1217.43	1217.43	1217.43	1217.43	1217.43	1217.43	1217.43	1217.43	1217.43	1217.43	1217.43	1217.43	1217.43	1217.43	1217.43	1217.43	1217.43	1217.43	1217.43
30092	84105	17289	1	5	0	0	[117000]	0.0	1	1	0.0	0.0	3444.03	0.0	0.0	0.0	0.0	0.0	0.0	0.0	0.0	0.0	0.0	0.0	0.0	0.0	0.0	0.0	0.0	0.0	0.0	0.0	0.0	0.0	0.0	0.0	0.0	0.0	0.0	0.0	0.0	0.0	0.0	0.0	0.0	0.0	0.0	0.0	0.0	0.0	0.0	0.0	0.0	0.0	0.0	0.0	0.0	0.0	0.0	0.0	0.0	0.0	0.0	0.0	0.0	0.0	0.0	0.0	0.0	0.0	0.0	0.0	0.0
30530	11484	1791	1	9	0	0	[117000]	0.0	1	1	0.0	0.0	217.89	0.0	0.0	0.0	0.0	0.0	0.0	0.0	0.0	0.0	0.0	0.0	0.0	0.0	0.0	0.0	0.0	0.0	0.0	0.0	0.0	0.0	0.0	0.0	0.0	0.0	0.0	0.0	0.0	0.0	0.0	0.0	0.0	0.0	0.0	0.0	0.0	0.0	0.0	0.0	0.0	0.0	0.0	0.0	0.0	0.0	0.0	0.0	0.0	0.0	0.0	0.0	0.0	0.0	0.0	0.0	0.0	0.0	0.0	0.0	0.0
116031	34785	7614	1	4	0	0	[117000]	0.0	1	1	0.0	0.0	1641.15	0.0	0.0	0.0	0.0	0.0	0.0	0.0	0.0	0.0	0.0	0.0	0.0	0.0	0.0	0.0	0.0	0.0	0.0	0.0	0.0	0.0	0.0	0.0	0.0	0.0	0.0	0.0	0.0	0.0	0.0	0.0	0.0	0.0	0.0	0.0	0.0	0.0	0.0	0.0	0.0	0.0	0.0	0.0	0.0	0.0	0.0	0.0	0.0	0.0	0.0	0.0	0.0	0.0	0.0	0.0	0.0	0.0	0.0	0.0	0.0
30099	122265	11736	1	4	3	4	[117000]	0.12508552851	3	2	92907.0	2573.19	538.11	92.907	929.07	1437.39	1725.48	1941.84	2158.2	2374.56	2573.19	2573.19	2573.19	2573.19	2573.19	2573.19	2573.19	2573.19	2573.19	2573.19	2573.19	2573.19	2573.19	2573.19	2573.19	2573.19	2573.19	2573.19	2573.19	2573.19	2573.19	2573.19	2573.19	2573.19	2573.19	2573.19	2573.19	2573.19	2573.19	2573.19	2573.19	2573.19	2573.19	2573.19	2573.19	2573.19	2573.19	2573.19	2573.19	2573.19	2573.19	2573.19	2573.19	2573.19	2573.19	2573.19	2573.19	2573.19	2573.19	2573.19	2573.19	2573.19	2573.19
30100	52119	5400	1	5	1	1	[117000]	0.00574905354246	1	1	33282.0	191.34	437.94	33.282	191.34	191.34	191.34	191.34	191.34	191.34	191.34	191.34	191.34	191.34	191.34	191.34	191.34	191.34	191.34	191.34	191.34	191.34	191.34	191.34	191.34	191.34	191.34	191.34	191.34	191.34	191.34	191.34	191.34	191.34	191.34	191.34	191.34	191.34	191.34	191.34	191.34	191.34	191.34	191.34	191.34	191.34	191.34	191.34	191.34	191.34	191.34	191.34	191.34	191.34	191.34	191.34	191.34	191.34	191.34	191.34	191.34	191.34	191.34
30105	16560	3357	1	6	1	2	[117000]	0.141128021947	1	1	189711.0	20694.42	196.92	189.711	1897.11	3794.22	5691.33	7588.44	9485.55	11382.66	13279.77	15176.88	17073.99	18971.1	20694.42	20694.42	20694.42	20694.42	20694.42	20694.42	20694.42	20694.42	20694.42	20694.42	20694.42	20694.42	20694.42	20694.42	20694.42	20694.42	20694.42	20694.42	20694.42	20694.42	20694.42	20694.42	20694.42	20694.42	20694.42	20694.42	20694.42	20694.42	20694.42	20694.42	20694.42	20694.42	20694.42	20694.42	20694.42	20694.42	20694.42	20694.42	20694.42	20694.42	20694.42	20694.42	20694.42	20694.42	20694.42	20694.42	20694.42	20694.42	20694.42
30106	37971	6561	1	9	0	0	[117000]	0.0	1	1	0.0	0.0	1217.43	0.0	0.0	0.0	0.0	0.0	0.0	0.0	0.0	0.0	0.0	0.0	0.0	0.0	0.0	0.0	0.0	0.0	0.0	0.0	0.0	0.0	0.0	0.0	0.0	0.0	0.0	0.0	0.0	0.0	0.0	0.0	0.0	0.0	0.0	0.0	0.0	0.0	0.0	0.0	0.0	0.0	0.0	0.0	0.0	0.0	0.0	0.0	0.0	0.0	0.0	0.0	0.0	0.0	0.0	0.0	0.0	0.0	0.0	0.0	0.0
30109	20718	4914	1	7	0	0	[117000]	0.0	1	1	0.0	0.0	902.88	0.0	0.0	0.0	0.0	0.0	0.0	0.0	0.0	0.0	0.0	0.0	0.0	0.0	0.0	0.0	0.0	0.0	0.0	0.0	0.0	0.0	0.0	0.0	0.0	0.0	0.0	0.0	0.0	0.0	0.0	0.0	0.0	0.0	0.0	0.0	0.0	0.0	0.0	0.0	0.0	0.0	0.0	0.0	0.0	0.0	0.0	0.0	0.0	0.0	0.0	0.0	0.0	0.0	0.0	0.0	0.0	0.0	0.0	0.0	0.0
30119	210906	23481	1	5	4	42	[117000]	2.58321765621	26	2	6046524.0	866783.7	1072.26	6046.524	60465.24	120796.2	181095.84	241395.48	301695.12	361794.96	421854.84	481914.72	541974.6	601941.15	661645.8	719627.13	777608.46	835589.79	866783.7	866783.7	866783.7	866783.7	866783.7	866783.7	866783.7	866783.7	866783.7	866783.7	866783.7	866783.7	866783.7	866783.7	866783.7	866783.7	866783.7	866783.7	866783.7	866783.7	866783.7	866783.7	866783.7	866783.7	866783.7	866783.7	866783.7	866783.7	866783.7	866783.7	866783.7	866783.7	866783.7	866783.7	866783.7	866783.7	866783.7	866783.7	866783.7	866783.7	866783.7	866783.7	866783.7	866783.7	866783.7
30120	26487	3807	1	5	0	0	[117000]	0.0	1	1	0.0	0.0	447.12	0.0	0.0	0.0	0.0	0.0	0.0	0.0	0.0	0.0	0.0	0.0	0.0	0.0	0.0	0.0	0.0	0.0	0.0	0.0	0.0	0.0	0.0	0.0	0.0	0.0	0.0	0.0	0.0	0.0	0.0	0.0	0.0	0.0	0.0	0.0	0.0	0.0	0.0	0.0	0.0	0.0	0.0	0.0	0.0	0.0	0.0	0.0	0.0	0.0	0.0	0.0	0.0	0.0	0.0	0.0	0.0	0.0	0.0	0.0	0.0
30121	33282	2133	1	6	0	0	[117000]	0.0	1	1	0.0	0.0	191.34	0.0	0.0	0.0	0.0	0.0	0.0	0.0	0.0	0.0	0.0	0.0	0.0	0.0	0.0	0.0	0.0	0.0	0.0	0.0	0.0	0.0	0.0	0.0	0.0	0.0	0.0	0.0	0.0	0.0	0.0	0.0	0.0	0.0	0.0	0.0	0.0	0.0	0.0	0.0	0.0	0.0	0.0	0.0	0.0	0.0	0.0	0.0	0.0	0.0	0.0	0.0	0.0	0.0	0.0	0.0	0.0	0.0	0.0	0.0	0.0
30124	23976	6048	1	6	0	0	[117000]	0.0	1	1	0.0	0.0	1238.76	0.0	0.0	0.0	0.0	0.0	0.0	0.0	0.0	0.0	0.0	0.0	0.0	0.0	0.0	0.0	0.0	0.0	0.0	0.0	0.0	0.0	0.0	0.0	0.0	0.0	0.0	0.0	0.0	0.0	0.0	0.0	0.0	0.0	0.0	0.0	0.0	0.0	0.0	0.0	0.0	0.0	0.0	0.0	0.0	0.0	0.0	0.0	0.0	0.0	0.0	0.0	0.0	0.0	0.0	0.0	0.0	0.0	0.0	0.0	0.0
30127	21636	5994	1	5	0	0	[117000]	0.0	1	1	0.0	0.0	1496.79	0.0	0.0	0.0	0.0	0.0	0.0	0.0	0.0	0.0	0.0	0.0	0.0	0.0	0.0	0.0	0.0	0.0	0.0	0.0	0.0	0.0	0.0	0.0	0.0	0.0	0.0	0.0	0.0	0.0	0.0	0.0	0.0	0.0	0.0	0.0	0.0	0.0	0.0	0.0	0.0	0.0	0.0	0.0	0.0	0.0	0.0	0.0	0.0	0.0	0.0	0.0	0.0	0.0	0.0	0.0	0.0	0.0	0.0	0.0	0.0
30128	36207	6201	1	5	1	1	[117000]	0.0283630640084	1	1	8577.0	243.27	386.01	8.577	85.77	171.54	243.27	243.27	243.27	243.27	243.27	243.27	243.27	243.27	243.27	243.27	243.27	243.27	243.27	243.27	243.27	243.27	243.27	243.27	243.27	243.27	243.27	243.27	243.27	243.27	243.27	243.27	243.27	243.27	243.27	243.27	243.27	243.27	243.27	243.27	243.27	243.27	243.27	243.27	243.27	243.27	243.27	243.27	243.27	243.27	243.27	243.27	243.27	243.27	243.27	243.27	243.27	243.27	243.27	243.27	243.27	243.27	243.27
30129	24264	7659	1	5	1	1	[117000]	0.106601239669	1	1	26136.0	2786.13	1988.1	26.136	261.36	522.72	784.08	1045.44	1306.8	1568.16	1829.52	2090.88	2352.24	2613.6	2786.13	2786.13	2786.13	2786.13	2786.13	2786.13	2786.13	2786.13	2786.13	2786.13	2786.13	2786.13	2786.13	2786.13	2786.13	2786.13	2786.13	2786.13	2786.13	2786.13	2786.13	2786.13	2786.13	2786.13	2786.13	2786.13	2786.13	2786.13	2786.13	2786.13	2786.13	2786.13	2786.13	2786.13	2786.13	2786.13	2786.13	2786.13	2786.13	2786.13	2786.13	2786.13	2786.13	2786.13	2786.13	2786.13	2786.13	2786.13	2786.13
30131	26136	8037	1	6	0	0	[117000]	0.0	1	1	0.0	0.0	2786.13	0.0	0.0	0.0	0.0	0.0	0.0	0.0	0.0	0.0	0.0	0.0	0.0	0.0	0.0	0.0	0.0	0.0	0.0	0.0	0.0	0.0	0.0	0.0	0.0	0.0	0.0	0.0	0.0	0.0	0.0	0.0	0.0	0.0	0.0	0.0	0.0	0.0	0.0	0.0	0.0	0.0	0.0	0.0	0.0	0.0	0.0	0.0	0.0	0.0	0.0	0.0	0.0	0.0	0.0	0.0	0.0	0.0	0.0	0.0	0.0
30133	10314	792	1	7	0	0	[117000]	0.0	1	1	0.0	0.0	61.2	0.0	0.0	0.0	0.0	0.0	0.0	0.0	0.0	0.0	0.0	0.0	0.0	0.0	0.0	0.0	0.0	0.0	0.0	0.0	0.0	0.0	0.0	0.0	0.0	0.0	0.0	0.0	0.0	0.0	0.0	0.0	0.0	0.0	0.0	0.0	0.0	0.0	0.0	0.0	0.0	0.0	0.0	0.0	0.0	0.0	0.0	0.0	0.0	0.0	0.0	0.0	0.0	0.0	0.0	0.0	0.0	0.0	0.0	0.0	0.0
30136	10872	2916	1	9	0	0	[117000]	0.0	1	1	0.0	0.0	379.53	0.0	0.0	0.0	0.0	0.0	0.0	0.0	0.0	0.0	0.0	0.0	0.0	0.0	0.0	0.0	0.0	0.0	0.0	0.0	0.0	0.0	0.0	0.0	0.0	0.0	0.0	0.0	0.0	0.0	0.0	0.0	0.0	0.0	0.0	0.0	0.0	0.0	0.0	0.0	0.0	0.0	0.0	0.0	0.0	0.0	0.0	0.0	0.0	0.0	0.0	0.0	0.0	0.0	0.0	0.0	0.0	0.0	0.0	0.0	0.0
30137	22167	4239	1	8	0	0	[117000]	0.0	1	1	0.0	0.0	788.58	0.0	0.0	0.0	0.0	0.0	0.0	0.0	0.0	0.0	0.0	0.0	0.0	0.0	0.0	0.0	0.0	0.0	0.0	0.0	0.0	0.0	0.0	0.0	0.0	0.0	0.0	0.0	0.0	0.0	0.0	0.0	0.0	0.0	0.0	0.0	0.0	0.0	0.0	0.0	0.0	0.0	0.0	0.0	0.0	0.0	0.0	0.0	0.0	0.0	0.0	0.0	0.0	0.0	0.0	0.0	0.0	0.0	0.0	0.0	0.0
30138	7164	2034	1	8	1	1	[117000]	0.0349089403974	1	1	10872.0	379.53	213.75	10.872	108.72	217.44	326.16	379.53	379.53	379.53	379.53	379.53	379.53	379.53	379.53	379.53	379.53	379.53	379.53	379.53	379.53	379.53	379.53	379.53	379.53	379.53	379.53	379.53	379.53	379.53	379.53	379.53	379.53	379.53	379.53	379.53	379.53	379.53	379.53	379.53	379.53	379.53	379.53	379.53	379.53	379.53	379.53	379.53	379.53	379.53	379.53	379.53	379.53	379.53	379.53	379.53	379.53	379.53	379.53	379.53	379.53	379.53	379.53
30139	88776	21501	1	9	1	1	[117000]	0.0457586837294	1	1	14769.0	675.81	7487.82	14.769	147.69	295.38	443.07	590.76	675.81	675.81	675.81	675.81	675.81	675.81	675.81	675.81	675.81	675.81	675.81	675.81	675.81	675.81	675.81	675.81	675.81	675.81	675.81	675.81	675.81	675.81	675.81	675.81	675.81	675.81	675.81	675.81	675.81	675.81	675.81	675.81	675.81	675.81	675.81	675.81	675.81	675.81	675.81	675.81	675.81	675.81	675.81	675.81	675.81	675.81	675.81	675.81	675.81	675.81	675.81	675.81	675.81	675.81	675.81
30140	9855	1719	1	8	0	0	[117000]	0.0	1	1	0.0	0.0	249.48	0.0	0.0	0.0	0.0	0.0	0.0	0.0	0.0	0.0	0.0	0.0	0.0	0.0	0.0	0.0	0.0	0.0	0.0	0.0	0.0	0.0	0.0	0.0	0.0	0.0	0.0	0.0	0.0	0.0	0.0	0.0	0.0	0.0	0.0	0.0	0.0	0.0	0.0	0.0	0.0	0.0	0.0	0.0	0.0	0.0	0.0	0.0	0.0	0.0	0.0	0.0	0.0	0.0	0.0	0.0	0.0	0.0	0.0	0.0	0.0
30143	18144	6399	1	6	0	0	[117000]	0.0	1	1	0.0	0.0	1721.07	0.0	0.0	0.0	0.0	0.0	0.0	0.0	0.0	0.0	0.0	0.0	0.0	0.0	0.0	0.0	0.0	0.0	0.0	0.0	0.0	0.0	0.0	0.0	0.0	0.0	0.0	0.0	0.0	0.0	0.0	0.0	0.0	0.0	0.0	0.0	0.0	0.0	0.0	0.0	0.0	0.0	0.0	0.0	0.0	0.0	0.0	0.0	0.0	0.0	0.0	0.0	0.0	0.0	0.0	0.0	0.0	0.0	0.0	0.0	0.0
30145	8577	2907	2	11	0	0	[117000]	0.0	1	1	0.0	0.0	243.27	0.0	0.0	0.0	0.0	0.0	0.0	0.0	0.0	0.0	0.0	0.0	0.0	0.0	0.0	0.0	0.0	0.0	0.0	0.0	0.0	0.0	0.0	0.0	0.0	0.0	0.0	0.0	0.0	0.0	0.0	0.0	0.0	0.0	0.0	0.0	0.0	0.0	0.0	0.0	0.0	0.0	0.0	0.0	0.0	0.0	0.0	0.0	0.0	0.0	0.0	0.0	0.0	0.0	0.0	0.0	0.0	0.0	0.0	0.0	0.0
30146	14769	3411	1	10	0	0	[117000]	0.0	1	1	0.0	0.0	675.81	0.0	0.0	0.0	0.0	0.0	0.0	0.0	0.0	0.0	0.0	0.0	0.0	0.0	0.0	0.0	0.0	0.0	0.0	0.0	0.0	0.0	0.0	0.0	0.0	0.0	0.0	0.0	0.0	0.0	0.0	0.0	0.0	0.0	0.0	0.0	0.0	0.0	0.0	0.0	0.0	0.0	0.0	0.0	0.0	0.0	0.0	0.0	0.0	0.0	0.0	0.0	0.0	0.0	0.0	0.0	0.0	0.0	0.0	0.0	0.0
116679	10620	2070	1	4	0	0	[117000]	0.0	1	1	0.0	0.0	241.47	0.0	0.0	0.0	0.0	0.0	0.0	0.0	0.0	0.0	0.0	0.0	0.0	0.0	0.0	0.0	0.0	0.0	0.0	0.0	0.0	0.0	0.0	0.0	0.0	0.0	0.0	0.0	0.0	0.0	0.0	0.0	0.0	0.0	0.0	0.0	0.0	0.0	0.0	0.0	0.0	0.0	0.0	0.0	0.0	0.0	0.0	0.0	0.0	0.0	0.0	0.0	0.0	0.0	0.0	0.0	0.0	0.0	0.0	0.0	0.0
30154	30600	3753	1	8	0	0	[117000]	0.0	1	1	0.0	0.0	419.22	0.0	0.0	0.0	0.0	0.0	0.0	0.0	0.0	0.0	0.0	0.0	0.0	0.0	0.0	0.0	0.0	0.0	0.0	0.0	0.0	0.0	0.0	0.0	0.0	0.0	0.0	0.0	0.0	0.0	0.0	0.0	0.0	0.0	0.0	0.0	0.0	0.0	0.0	0.0	0.0	0.0	0.0	0.0	0.0	0.0	0.0	0.0	0.0	0.0	0.0	0.0	0.0	0.0	0.0	0.0	0.0	0.0	0.0	0.0	0.0
30155	22923	7920	1	10	0	0	[117000]	0.0	1	1	0.0	0.0	1577.61	0.0	0.0	0.0	0.0	0.0	0.0	0.0	0.0	0.0	0.0	0.0	0.0	0.0	0.0	0.0	0.0	0.0	0.0	0.0	0.0	0.0	0.0	0.0	0.0	0.0	0.0	0.0	0.0	0.0	0.0	0.0	0.0	0.0	0.0	0.0	0.0	0.0	0.0	0.0	0.0	0.0	0.0	0.0	0.0	0.0	0.0	0.0	0.0	0.0	0.0	0.0	0.0	0.0	0.0	0.0	0.0	0.0	0.0	0.0	0.0
30156	185463	61047	1	7	2	9	[117000]	0.591427003962	6	2	503307.0	49115.34	29210.13	503.307	5033.07	10066.14	15099.21	20034.18	24845.58	29369.7	32795.46	36101.25	38491.56	40881.87	43272.18	45662.49	48052.8	49115.34	49115.34	49115.34	49115.34	49115.34	49115.34	49115.34	49115.34	49115.34	49115.34	49115.34	49115.34	49115.34	49115.34	49115.34	49115.34	49115.34	49115.34	49115.34	49115.34	49115.34	49115.34	49115.34	49115.34	49115.34	49115.34	49115.34	49115.34	49115.34	49115.34	49115.34	49115.34	49115.34	49115.34	49115.34	49115.34	49115.34	49115.34	49115.34	49115.34	49115.34	49115.34	49115.34	49115.34	49115.34	49115.34
30157	159111	56475	1	7	1	1	[117000]	0.0137	1	1	30600.0	419.22	20275.2	30.6	306.0	419.22	419.22	419.22	419.22	419.22	419.22	419.22	419.22	419.22	419.22	419.22	419.22	419.22	419.22	419.22	419.22	419.22	419.22	419.22	419.22	419.22	419.22	419.22	419.22	419.22	419.22	419.22	419.22	419.22	419.22	419.22	419.22	419.22	419.22	419.22	419.22	419.22	419.22	419.22	419.22	419.22	419.22	419.22	419.22	419.22	419.22	419.22	419.22	419.22	419.22	419.22	419.22	419.22	419.22	419.22	419.22	419.22	419.22
30158	35703	9162	1	7	1	1	[117000]	0.0283630640084	1	1	8577.0	243.27	1823.76	8.577	85.77	171.54	243.27	243.27	243.27	243.27	243.27	243.27	243.27	243.27	243.27	243.27	243.27	243.27	243.27	243.27	243.27	243.27	243.27	243.27	243.27	243.27	243.27	243.27	243.27	243.27	243.27	243.27	243.27	243.27	243.27	243.27	243.27	243.27	243.27	243.27	243.27	243.27	243.27	243.27	243.27	243.27	243.27	243.27	243.27	243.27	243.27	243.27	243.27	243.27	243.27	243.27	243.27	243.27	243.27	243.27	243.27	243.27	243.27
30159	17289	5571	1	9	1	1	[117000]	0.0688221436985	1	1	22923.0	1577.61	979.02	22.923	229.23	458.46	687.69	916.92	1146.15	1375.38	1577.61	1577.61	1577.61	1577.61	1577.61	1577.61	1577.61	1577.61	1577.61	1577.61	1577.61	1577.61	1577.61	1577.61	1577.61	1577.61	1577.61	1577.61	1577.61	1577.61	1577.61	1577.61	1577.61	1577.61	1577.61	1577.61	1577.61	1577.61	1577.61	1577.61	1577.61	1577.61	1577.61	1577.61	1577.61	1577.61	1577.61	1577.61	1577.61	1577.61	1577.61	1577.61	1577.61	1577.61	1577.61	1577.61	1577.61	1577.61	1577.61	1577.61	1577.61	1577.61	1577.61
30160	19161	3375	1	10	0	0	[117000]	0.0	1	1	0.0	0.0	582.84	0.0	0.0	0.0	0.0	0.0	0.0	0.0	0.0	0.0	0.0	0.0	0.0	0.0	0.0	0.0	0.0	0.0	0.0	0.0	0.0	0.0	0.0	0.0	0.0	0.0	0.0	0.0	0.0	0.0	0.0	0.0	0.0	0.0	0.0	0.0	0.0	0.0	0.0	0.0	0.0	0.0	0.0	0.0	0.0	0.0	0.0	0.0	0.0	0.0	0.0	0.0	0.0	0.0	0.0	0.0	0.0	0.0	0.0	0.0	0.0
30163	48573	4995	1	8	0	0	[117000]	0.0	1	1	0.0	0.0	480.24	0.0	0.0	0.0	0.0	0.0	0.0	0.0	0.0	0.0	0.0	0.0	0.0	0.0	0.0	0.0	0.0	0.0	0.0	0.0	0.0	0.0	0.0	0.0	0.0	0.0	0.0	0.0	0.0	0.0	0.0	0.0	0.0	0.0	0.0	0.0	0.0	0.0	0.0	0.0	0.0	0.0	0.0	0.0	0.0	0.0	0.0	0.0	0.0	0.0	0.0	0.0	0.0	0.0	0.0	0.0	0.0	0.0	0.0	0.0	0.0
30169	138564	34137	1	8	2	7	[117000]	0.497925767106	5	2	342576.0	40300.2	8026.56	342.576	3425.76	6851.52	10277.28	13703.04	17128.8	20554.56	23980.32	27286.11	29676.42	32066.73	34457.04	36847.35	39237.66	40300.2	40300.2	40300.2	40300.2	40300.2	40300.2	40300.2	40300.2	40300.2	40300.2	40300.2	40300.2	40300.2	40300.2	40300.2	40300.2	40300.2	40300.2	40300.2	40300.2	40300.2	40300.2	40300.2	40300.2	40300.2	40300.2	40300.2	40300.2	40300.2	40300.2	40300.2	40300.2	40300.2	40300.2	40300.2	40300.2	40300.2	40300.2	40300.2	40300.2	40300.2	40300.2	40300.2	40300.2	40300.2	40300.2
30171	26793	8496	1	10	0	0	[117000]	0.0	1	1	0.0	0.0	3176.46	0.0	0.0	0.0	0.0	0.0	0.0	0.0	0.0	0.0	0.0	0.0	0.0	0.0	0.0	0.0	0.0	0.0	0.0	0.0	0.0	0.0	0.0	0.0	0.0	0.0	0.0	0.0	0.0	0.0	0.0	0.0	0.0	0.0	0.0	0.0	0.0	0.0	0.0	0.0	0.0	0.0	0.0	0.0	0.0	0.0	0.0	0.0	0.0	0.0	0.0	0.0	0.0	0.0	0.0	0.0	0.0	0.0	0.0	0.0	0.0
30174	27972	3564	1	4	0	0	[117000]	0.0	1	1	0.0	0.0	400.86	0.0	0.0	0.0	0.0	0.0	0.0	0.0	0.0	0.0	0.0	0.0	0.0	0.0	0.0	0.0	0.0	0.0	0.0	0.0	0.0	0.0	0.0	0.0	0.0	0.0	0.0	0.0	0.0	0.0	0.0	0.0	0.0	0.0	0.0	0.0	0.0	0.0	0.0	0.0	0.0	0.0	0.0	0.0	0.0	0.0	0.0	0.0	0.0	0.0	0.0	0.0	0.0	0.0	0.0	0.0	0.0	0.0	0.0	0.0	0.0
30176	79101	27864	1	8	1	2	[117000]	0.125448900596	1	1	40212.0	2556.63	6713.73	40.212	402.12	804.24	1206.36	1608.48	2010.6	2354.4	2556.63	2556.63	2556.63	2556.63	2556.63	2556.63	2556.63	2556.63	2556.63	2556.63	2556.63	2556.63	2556.63	2556.63	2556.63	2556.63	2556.63	2556.63	2556.63	2556.63	2556.63	2556.63	2556.63	2556.63	2556.63	2556.63	2556.63	2556.63	2556.63	2556.63	2556.63	2556.63	2556.63	2556.63	2556.63	2556.63	2556.63	2556.63	2556.63	2556.63	2556.63	2556.63	2556.63	2556.63	2556.63	2556.63	2556.63	2556.63	2556.63	2556.63	2556.63	2556.63	2556.63
30544	79137	4221	1	14	2	3	[117000]	0.0456625796679	2	2	168750.0	3797.64	377.73	168.75	1567.17	3038.04	3797.64	3797.64	3797.64	3797.64	3797.64	3797.64	3797.64	3797.64	3797.64	3797.64	3797.64	3797.64	3797.64	3797.64	3797.64	3797.64	3797.64	3797.64	3797.64	3797.64	3797.64	3797.64	3797.64	3797.64	3797.64	3797.64	3797.64	3797.64	3797.64	3797.64	3797.64	3797.64	3797.64	3797.64	3797.64	3797.64	3797.64	3797.64	3797.64	3797.64	3797.64	3797.64	3797.64	3797.64	3797.64	3797.64	3797.64	3797.64	3797.64	3797.64	3797.64	3797.64	3797.64	3797.64	3797.64	3797.64	3797.64
30181	35145	7974	1	7	2	4	[117000]	0.220211287288	2	2	167886.0	9750.6	1073.43	167.886	1673.37	2866.5	4059.63	5252.76	6445.89	7639.02	8832.15	9750.6	9750.6	9750.6	9750.6	9750.6	9750.6	9750.6	9750.6	9750.6	9750.6	9750.6	9750.6	9750.6	9750.6	9750.6	9750.6	9750.6	9750.6	9750.6	9750.6	9750.6	9750.6	9750.6	9750.6	9750.6	9750.6	9750.6	9750.6	9750.6	9750.6	9750.6	9750.6	9750.6	9750.6	9750.6	9750.6	9750.6	9750.6	9750.6	9750.6	9750.6	9750.6	9750.6	9750.6	9750.6	9750.6	9750.6	9750.6	9750.6	9750.6	9750.6	9750.6
166908	1795113	707220	1	3	14	78	[117000]	3.86244829168	52	2	8672112.0	933148.08	263214.18	8672.112	78925.59	152289.81	224069.58	290835.54	356724.36	420592.77	483396.66	545381.55	606529.35	666971.73	727063.38	785259.18	843454.98	901650.78	933059.16	933148.08	933148.08	933148.08	933148.08	933148.08	933148.08	933148.08	933148.08	933148.08	933148.08	933148.08	933148.08	933148.08	933148.08	933148.08	933148.08	933148.08	933148.08	933148.08	933148.08	933148.08	933148.08	933148.08	933148.08	933148.08	933148.08	933148.08	933148.08	933148.08	933148.08	933148.08	933148.08	933148.08	933148.08	933148.08	933148.08	933148.08	933148.08	933148.08	933148.08	933148.08	933148.08	933148.08	933148.08
30187	64557	24885	1	8	0	0	[117000]	0.0	1	1	0.0	0.0	6961.86	0.0	0.0	0.0	0.0	0.0	0.0	0.0	0.0	0.0	0.0	0.0	0.0	0.0	0.0	0.0	0.0	0.0	0.0	0.0	0.0	0.0	0.0	0.0	0.0	0.0	0.0	0.0	0.0	0.0	0.0	0.0	0.0	0.0	0.0	0.0	0.0	0.0	0.0	0.0	0.0	0.0	0.0	0.0	0.0	0.0	0.0	0.0	0.0	0.0	0.0	0.0	0.0	0.0	0.0	0.0	0.0	0.0	0.0	0.0	0.0
30188	148680	57177	1	9	4	4	[117000]	0.184294750399	4	2	90351.0	4849.74	27286.83	90.351	868.32	1682.1	2469.06	2745.0	3012.93	3280.86	3548.79	3816.72	4084.65	4352.58	4620.51	4849.74	4849.74	4849.74	4849.74	4849.74	4849.74	4849.74	4849.74	4849.74	4849.74	4849.74	4849.74	4849.74	4849.74	4849.74	4849.74	4849.74	4849.74	4849.74	4849.74	4849.74	4849.74	4849.74	4849.74	4849.74	4849.74	4849.74	4849.74	4849.74	4849.74	4849.74	4849.74	4849.74	4849.74	4849.74	4849.74	4849.74	4849.74	4849.74	4849.74	4849.74	4849.74	4849.74	4849.74	4849.74	4849.74	4849.74	4849.74
30189	35424	5913	1	10	0	0	[117000]	0.0	1	1	0.0	0.0	1035.9	0.0	0.0	0.0	0.0	0.0	0.0	0.0	0.0	0.0	0.0	0.0	0.0	0.0	0.0	0.0	0.0	0.0	0.0	0.0	0.0	0.0	0.0	0.0	0.0	0.0	0.0	0.0	0.0	0.0	0.0	0.0	0.0	0.0	0.0	0.0	0.0	0.0	0.0	0.0	0.0	0.0	0.0	0.0	0.0	0.0	0.0	0.0	0.0	0.0	0.0	0.0	0.0	0.0	0.0	0.0	0.0	0.0	0.0	0.0	0.0
30190	95139	3771	1	6	0	0	[117000]	0.0	1	1	0.0	0.0	520.47	0.0	0.0	0.0	0.0	0.0	0.0	0.0	0.0	0.0	0.0	0.0	0.0	0.0	0.0	0.0	0.0	0.0	0.0	0.0	0.0	0.0	0.0	0.0	0.0	0.0	0.0	0.0	0.0	0.0	0.0	0.0	0.0	0.0	0.0	0.0	0.0	0.0	0.0	0.0	0.0	0.0	0.0	0.0	0.0	0.0	0.0	0.0	0.0	0.0	0.0	0.0	0.0	0.0	0.0	0.0	0.0	0.0	0.0	0.0	0.0
116721	3159	1071	1	4	0	0	[117000]	0.0	1	1	0.0	0.0	112.59	0.0	0.0	0.0	0.0	0.0	0.0	0.0	0.0	0.0	0.0	0.0	0.0	0.0	0.0	0.0	0.0	0.0	0.0	0.0	0.0	0.0	0.0	0.0	0.0	0.0	0.0	0.0	0.0	0.0	0.0	0.0	0.0	0.0	0.0	0.0	0.0	0.0	0.0	0.0	0.0	0.0	0.0	0.0	0.0	0.0	0.0	0.0	0.0	0.0	0.0	0.0	0.0	0.0	0.0	0.0	0.0	0.0	0.0	0.0	0.0
30196	72216	32103	1	6	3	11	[117000]	0.517460323044	5	2	611307.0	46403.55	10127.61	611.307	6113.07	12105.45	17374.32	22607.325	27786.15	32619.24	37452.33	42010.74	45650.7	46403.55	46403.55	46403.55	46403.55	46403.55	46403.55	46403.55	46403.55	46403.55	46403.55	46403.55	46403.55	46403.55	46403.55	46403.55	46403.55	46403.55	46403.55	46403.55	46403.55	46403.55	46403.55	46403.55	46403.55	46403.55	46403.55	46403.55	46403.55	46403.55	46403.55	46403.55	46403.55	46403.55	46403.55	46403.55	46403.55	46403.55	46403.55	46403.55	46403.55	46403.55	46403.55	46403.55	46403.55	46403.55	46403.55	46403.55	46403.55	46403.55	46403.55
30197	3021228	1163745	1	6	16	36	[117000]	2.09113070948	23	2	2776905.0	261210.78	581721.75	2776.905	27325.26	53655.39	79504.47	105244.56	130851.63	156384.54	181564.92	206692.29	229960.35	249414.21	255367.62	257757.93	260148.24	261210.78	261210.78	261210.78	261210.78	261210.78	261210.78	261210.78	261210.78	261210.78	261210.78	261210.78	261210.78	261210.78	261210.78	261210.78	261210.78	261210.78	261210.78	261210.78	261210.78	261210.78	261210.78	261210.78	261210.78	261210.78	261210.78	261210.78	261210.78	261210.78	261210.78	261210.78	261210.78	261210.78	261210.78	261210.78	261210.78	261210.78	261210.78	261210.78	261210.78	261210.78	261210.78	261210.78	261210.78	261210.78	261210.78
30199	336105	91143	1	7	2	3	[117000]	0.0900606923076	2	2	27891.0	842.76	32669.73	27.891	278.91	557.82	789.39	842.76	842.76	842.76	842.76	842.76	842.76	842.76	842.76	842.76	842.76	842.76	842.76	842.76	842.76	842.76	842.76	842.76	842.76	842.76	842.76	842.76	842.76	842.76	842.76	842.76	842.76	842.76	842.76	842.76	842.76	842.76	842.76	842.76	842.76	842.76	842.76	842.76	842.76	842.76	842.76	842.76	842.76	842.76	842.76	842.76	842.76	842.76	842.76	842.76	842.76	842.76	842.76	842.76	842.76	842.76	842.76
30201	129159	37710	1	7	1	1	[117000]	0.107840513035	1	1	64557.0	6961.86	14028.93	64.557	645.57	1291.14	1936.71	2582.28	3227.85	3873.42	4518.99	5164.56	5810.13	6455.7	6961.86	6961.86	6961.86	6961.86	6961.86	6961.86	6961.86	6961.86	6961.86	6961.86	6961.86	6961.86	6961.86	6961.86	6961.86	6961.86	6961.86	6961.86	6961.86	6961.86	6961.86	6961.86	6961.86	6961.86	6961.86	6961.86	6961.86	6961.86	6961.86	6961.86	6961.86	6961.86	6961.86	6961.86	6961.86	6961.86	6961.86	6961.86	6961.86	6961.86	6961.86	6961.86	6961.86	6961.86	6961.86	6961.86	6961.86	6961.86	6961.86
30203	65763	11232	1	6	0	0	[117000]	0.0	1	1	0.0	0.0	8751.24	0.0	0.0	0.0	0.0	0.0	0.0	0.0	0.0	0.0	0.0	0.0	0.0	0.0	0.0	0.0	0.0	0.0	0.0	0.0	0.0	0.0	0.0	0.0	0.0	0.0	0.0	0.0	0.0	0.0	0.0	0.0	0.0	0.0	0.0	0.0	0.0	0.0	0.0	0.0	0.0	0.0	0.0	0.0	0.0	0.0	0.0	0.0	0.0	0.0	0.0	0.0	0.0	0.0	0.0	0.0	0.0	0.0	0.0	0.0	0.0
30204	8973	801	1	10	0	0	[117000]	0.0	1	1	0.0	0.0	54.54	0.0	0.0	0.0	0.0	0.0	0.0	0.0	0.0	0.0	0.0	0.0	0.0	0.0	0.0	0.0	0.0	0.0	0.0	0.0	0.0	0.0	0.0	0.0	0.0	0.0	0.0	0.0	0.0	0.0	0.0	0.0	0.0	0.0	0.0	0.0	0.0	0.0	0.0	0.0	0.0	0.0	0.0	0.0	0.0	0.0	0.0	0.0	0.0	0.0	0.0	0.0	0.0	0.0	0.0	0.0	0.0	0.0	0.0	0.0	0.0
